0.18613502872413762
0.3360842325435999
0.10303218988745161
0.001628841191649111
0.0
0.0
0.0
0.0
0.006770869267247286
0.17984323039561062
0.2524065085804495
0.4548618872836596
0.10603436777009898
0.0
0.0
0.0
0.0
0.005237842263342238
0.23349917553228722
0.30992695928947
0.15518704608280448
0.004950399700110043
0.0
0.0
0.0
0.0
0.006738931204665931
0.19696203193921705
0.5160871532521175
0.21516672761058947
0.036121948779512636
0.0
0.0
0.0
0.0
0.0065792408917591545
0.18280179762672594
0.25655880068265235
0.46234473482504557
0.10777871925425861
0.0
0.0
0.0
0.0
0.0053240090234031355
0.28363333437483657
0.2387038923724589
0.03116493086870128
0.0
0.0
0.0
0.0
0.0
0.009414406199920181
0.2002022173617509
0.5245772061534836
0.21870639506504228
0.0367161841796887
0.0
0.0
0.0
0.0
0.0066874747489088174
0.3369058880785228
0.24217748362553293
0.008635282928202648
0.0
0.0
0.0
0.0
0.0
0.012206264590241336
0.3442712468643506
0.2897363486544089
0.03782767505891915
0.0
0.0
0.0
0.0
0.0
0.011427110174048495
0.36054502790532306
0.35534372258472186
0.06998119885900042
0.0
0.0
0.0
0.0
0.0
0.005358920633346881
0.40893292891819055
0.29395255827035094
0.010481418297575516
0.0
0.0
0.0
0.0
0.0
0.014815839398076668
0.3903343220142219
0.35758974079134515
0.019465491124068812
0.0
0.0
0.0
0.0
0.0
0.014382397288026554
0.34285622153982215
0.3379100989995757
0.06654783054149992
0.0
0.0
0.0
0.0
0.0
0.005096005041466211
0.3114933081596221
0.2899851692346103
0.04151745283782765
0.0
0.0
0.0
0.0
0.0
0.01274001260366553
0.37118401427032555
0.3400459246419549
0.01851048890061991
0.0
0.0
0.0
0.0
0.0
0.013676778236287993
0.2999148849404084
0.4439519686124387
0.19859431411596262
0.016262251382325996
0.0
0.0
0.0
0.0
0.011016363839640192
0.2863127710692605
0.2665433099127881
0.038161259514584454
0.0
0.0
0.0
0.0
0.0
0.011710133786063826
0.2186006445298444
0.32740156403036086
0.23795680684680875
0.04856261364220586
0.0
0.0
0.0
0.0
0.009230340749015015
0.27567032595192603
0.40806372087436527
0.1825403207827596
0.01494764136221088
0.0
0.0
0.0
0.0
0.01012582156794931
0.24484512083861096
0.5065666109571374
0.19638583190628212
0.0
0.0
0.0
0.0
0.0
0.007611586960941486
0.218440182927133
0.327161238207866
0.23778213704798518
0.04852696674448676
0.0
0.0
0.0
0.0
0.009223565310299612
0.22263897012062753
0.3726595715668814
0.0724118709435462
0.0
0.0
0.0
0.0
0.0
0.013043773330610273
0.24466539474223858
0.506194770835398
0.1962416768631656
0.0
0.0
0.0
0.0
0.0
0.007605999752150054
0.21283032790631637
0.3107446686070715
0.30592638822109425
0.044810007589589904
0.0
0.0
0.0
0.0
0.017070479081748538
0.22887933278472206
0.38310487175652674
0.07444150814330737
0.0
0.0
0.0
0.0
0.0
0.013409378130377136
0.29765988973842433
0.3504482595814921
0.06103213001293023
0.0
0.0
0.0
0.0
0.0
0.0069700461522013086
0.21879576347823793
0.319454551818404
0.3145012195274996
0.04606599030541168
0.0
0.0
0.0
0.0
0.017548948687775883
0.300561127223097
0.4818530890702011
0.0743707462534373
0.023740614051406487
0.0
0.0
0.0
0.0
0.007536141271161821
0.1839888612299567
0.216618289609262
0.03772504286481342
0.0
0.0
0.0
0.0
0.0
0.004308309243112026
0.08087374406613335
0.18361707819882522
0.1155807835017617
0.18670069039820994
0.06420911643541577
0.2267876489902117
0.44178758893454834
0.04758822798483131
0.0008966531927288988
0.18578216761541452
0.2978419471164603
0.04596987831990598
0.014674494934660758
0.0
0.0
0.0
0.0
0.0046582226841769625
0.1036181177353542
0.14705112360753939
0.24918210921836761
0.20867962841510124
0.011656491505475682
0.15912313732427968
0.32052071201548143
0.4290594875158113
0.02138845908509422
0.07808221094820456
0.17727913551139143
0.11159126145518147
0.1802563101311039
0.06199279917358804
0.2189595801873665
0.4265383297362575
0.0459456168262015
0.0008657032582142746
0.12504133402792525
0.3808883189006658
0.07189559985901475
0.0
0.0
0.0
0.0
0.0
0.0011401945352090446
0.10004151310778615
0.14197533434714102
0.2405810469291084
0.20147659731416112
0.011254142356785568
0.15363065626261124
0.30945724274118064
0.41424956641233784
0.020650189915452692
0.1982460461310689
0.20058977934233188
0.12586480785890952
0.016173870629076444
0.0
0.0
0.0
0.0
0.0038851073051567437
0.14597489197577873
0.4446540149191273
0.08393186544706627
0.0
0.0
0.0
0.0
0.0
0.0013310780423323285
0.11040552873345368
0.33930165282786107
0.3210116545424799
0.14013293834554236
0.0017501211297332468
0.0
0.0
0.0
0.00091203495493141
0.2314350322121895
0.2341711370769837
0.14693622611746315
0.018881588526417845
0.0
0.0
0.0
0.0
0.0045355251812805265
0.09221412882157853
0.4263640166337461
0.4230609711212917
0.15403530900990225
0.023638960048087094
0.0
0.0
0.0
0.001257129262202755
0.11183289489979194
0.3436882782531002
0.32516181966510166
0.14194463217354703
0.001772747385104985
0.0
0.0
0.0
0.0009238261020969638
0.08996068772582058
0.258945959590476
0.30586134461318404
0.11405507119943059
0.0
0.0
0.0
0.0
0.002696573487201949
0.09340630940391197
0.431876218593816
0.42853047000784306
0.15602673816226834
0.023944573835432123
0.0
0.0
0.0
0.001273381924512032
0.17657562686566838
0.3213916104376249
0.1510330835563388
0.026241654954159706
0.0
0.0
0.0
0.0
0.0023969542108461766
0.254026633724338
0.33717336255792313
0.16882990196506065
0.005385600906479605
0.0
0.0
0.0
0.0
0.007331366395272238
0.2142774244532886
0.561457580953574
0.2340825374642136
0.03929751371115118
0.0
0.0
0.0
0.0
0.007157637333772894
0.3232750376379758
0.29103092382369783
0.004377972349783421
0.0
0.0
0.0
0.0
0.0
0.006740687586174473
0.3248385991914699
0.2695580118223792
0.08953995829676094
0.0
0.0
0.0
0.0
0.0
0.013759341670747894
0.21249370367888556
0.5567838102395188
0.2321339519514597
0.03897038736189711
0.0
0.0
0.0
0.0
0.007098054638860129
0.3575903448645166
0.2570460563393037
0.009165449193867933
0.0
0.0
0.0
0.0
0.0
0.012955672544715574
0.32213452824613276
0.26731411596250915
0.08879459613758522
0.0
0.0
0.0
0.0
0.0
0.01364480406305151
0.26280030451740877
0.37178645414223693
0.06584651657699857
0.0
0.0
0.0
0.0
0.0
0.016263503832728062
0.39530464695277917
0.2841561636411383
0.010132109856373027
0.0
0.0
0.0
0.0
0.0
0.014322080097730294
0.37732586555350073
0.3456725449119745
0.018816775447549904
0.0
0.0
0.0
0.0
0.0
0.013903083073594568
0.29051730028028977
0.4109979900385901
0.07279121028394306
0.0
0.0
0.0
0.0
0.0
0.01797878139927845
0.38981959500045693
0.29870678757021524
0.0011808097952915933
0.0
0.0
0.0
0.0
0.0
0.011922369868589314
0.3621485503965772
0.3317684327527699
0.01805990146334637
0.0
0.0
0.0
0.0
0.0
0.01334385432008386
0.292614273912195
0.43314516708042067
0.19376007642861492
0.015866391164154503
0.0
0.0
0.0
0.0
0.01074820046604015
0.37413974003215944
0.28669179610437695
0.0011333136545824646
0.0
0.0
0.0
0.0
0.0
0.011442812060784239
0.33765435205560135
0.32818569926408986
0.05407002887507952
0.0
0.0
0.0
0.0
0.0
0.013453529835043452
0.24795151213078495
0.36703267312912796
0.16418578389469768
0.013444647209490339
0.0
0.0
0.0
0.0
0.009107664238687006
0.22022579956743507
0.45563103953268175
0.17663912071086152
0.0
0.0
0.0
0.0
0.0
0.006846237403910979
0.2861169622738543
0.27809354377786816
0.04581712724155809
0.0
0.0
0.0
0.0
0.0
0.011400069523254482
0.19116801366305278
0.3363949862853815
0.32682264529982274
0.2661048837085761
0.02109632430797908
0.0
0.0
0.0
0.005854927010584502
0.21871459380535715
0.4525044655632568
0.17542700997019925
0.0
0.0
0.0
0.0
0.0
0.006799258015330417
0.1902561609357615
0.27778507068062586
0.27347784840847095
0.04005716713104164
0.0
0.0
0.0
0.0
0.015259873192777771
0.1898562045819186
0.33408661895236647
0.3245799640802529
0.26427885227008274
0.020951559766696895
0.0
0.0
0.0
0.0058147500674092705
0.2671093126203561
0.3336251308517784
0.1429997794355465
0.009783547732466393
0.0
0.0
0.0
0.0
0.008245254063839602
0.20720257487696941
0.30252782156600205
0.29783694826671764
0.04362512168334641
0.0
0.0
0.0
0.0
0.016619093974608163
0.2846354905530168
0.4563214533068317
0.07043011196497248
0.022482685598713862
0.0
0.0
0.0
0.0
0.0071368286624829405
0.2909011570313469
0.3633416432674412
0.15573699353624743
0.010654983636946362
0.0
0.0
0.0
0.0
0.008979671744344732
0.32243052685010953
0.3648829302086346
0.04050904156310739
0.0
0.0
0.0
0.0
0.0
0.007974484608783755
0.1644395746684704
0.2636259643802117
0.040688874155753355
0.012988693890823265
0.0
0.0
0.0
0.0
0.004123087628532572
0.09171450321120808
0.1301579399730188
0.22055615229812262
0.18470658287069383
0.010317397680788076
0.14084312481315955
0.28369940039330216
0.3797692778600024
0.018931360097205887
0.18627451760267105
0.21080011396582007
0.023402877666177834
0.0
0.0
0.0
0.0
0.0
0.004607018101365033
0.05791679898858897
0.18621644594593115
0.16147792017473567
0.2362161423989811
0.1704209553126796
0.06380139353823171
0.22367266454316365
0.5054363430451361
0.10137375544894399
0.08802680888411155
0.12492449618758253
0.21168794014891665
0.17727982489915414
0.00990255152706447
0.13518004673718775
0.27229229865038806
0.3644993591172192
0.018170160212887525
0.1744372538229049
0.17649951127037983
0.11074879859818255
0.014231434277169573
0.0
0.0
0.0
0.0
0.003418516849868409
0.05558805660220805
0.1787289787811636
0.15498514979131667
0.22671826695078373
0.1635685997078341
0.0612360409628602
0.21467914239255148
0.48511355145061985
0.09729767794978728
0.0967960477598609
0.3242203127557261
0.21113057327122076
0.09861677956033435
0.0
0.0
0.0
0.0
0.001244786026854258
0.2042147254829532
0.20662902248248538
0.12965427400190477
0.01666082433911408
0.0
0.0
0.0
0.0
0.004002077909134453
0.08136833401126083
0.37621707388205794
0.3733025171438838
0.135918395946637
0.02085865605902142
0.0
0.0
0.0
0.0011092715943796586
0.11331970601407877
0.37956663908861593
0.24717181173589098
0.11545124750916132
0.0
0.0
0.0
0.0
0.0014572783690870023
0.06211920928526086
0.42274122957574595
0.41117000431672657
0.08630568012742125
0.040695042217340015
0.0
0.0
0.0
0.0005437605854802246
0.08342752126825873
0.3857379939527055
0.3827496785691324
0.13935808083543139
0.02138652576751139
0.0
0.0
0.0
0.0011373439146434633
0.15771168949722686
0.28705668371158144
0.13489790862114326
0.02343820498608391
0.0
0.0
0.0
0.0
0.002140882662858283
0.06369125922003391
0.4334395357845166
0.4215754776945101
0.08848981673147568
0.041724911064665075
0.0
0.0
0.0
0.0005575215267860112
0.11034466058148736
0.29642304536158637
0.25672751265442245
0.08164345238254349
0.0
0.0
0.0
0.0
0.0014941576917865103
0.37701944424039047
0.3394147533273334
0.0051058093265573075
0.0
0.0
0.0
0.0
0.0
0.007861325471048553
0.37884294757130377
0.3143719742494571
0.10442595741696972
0.0
0.0
0.0
0.0
0.0
0.016046829312037252
0.3936741079960654
0.11800092665821335
0.0
0.0
0.0
0.0
0.0
0.0
0.0159252624233097
0.41020720486301293
0.3831383109730107
0.06864476983482602
0.0
0.0
0.0
0.0
0.0
0.010859975392994912
0.35742499506618275
0.29659889953186924
0.09852221759391946
0.0
0.0
0.0
0.0
0.0
0.015139619001626737
0.2915905912257756
0.4125163864332134
0.07306013109118356
0.0
0.0
0.0
0.0
0.0
0.01804520244638338
0.38701606856936227
0.361477519344396
0.06476392572918103
0.0
0.0
0.0
0.0
0.0
0.010246004778878702
0.3961915952370147
0.26719898283426585
0.015292544446087613
0.0
0.0
0.0
0.0
0.0
0.011775259223487464
0.27163405881088687
0.3842836625894152
0.06805987759113738
0.0
0.0
0.0
0.0
0.0
0.01681018431345727
0.36448183530491884
0.2792912402248557
0.0011040587155024901
0.0
0.0
0.0
0.0
0.0
0.011147431546847723
0.3690761441533001
0.24891181814990015
0.01424591890970955
0.0
0.0
0.0
0.0
0.0
0.010969357560476357
0.3266233058023658
0.5064780320374489
0.0301301184940357
0.0
0.0
0.0
0.0
0.0
0.006481893103917846
0.3248147024483278
0.24889553416062007
0.0009839022645982177
0.0
0.0
0.0
0.0
0.0
0.009934238994169103
0.2931393972848109
0.2849190525580065
0.046941659656153684
0.0
0.0
0.0
0.0
0.0
0.011679872044262716
0.2910763764074277
0.45135722918875026
0.02685101018871265
0.0
0.0
0.0
0.0
0.0
0.005776458456673408
0.17145290430192167
0.3150391573678035
0.41149331808115786
0.27504829112929535
0.009204246991402683
0.0
0.0
0.0
0.009235985774131658
0.2454971978492082
0.23861285676616958
0.039312511435575896
0.0
0.0
0.0
0.0
0.0
0.009781612040765336
0.16402806495533395
0.2886372966050836
0.28042393214694095
0.22832621584286478
0.018101298368916285
0.0
0.0
0.0
0.005023708357893065
0.1435876854462346
0.2638377204256432
0.34461576116446346
0.2303463313730228
0.007708335575603117
0.0
0.0
0.0
0.007734916043105197
0.12120693180948351
0.328454836923199
0.4626064564061954
0.2025963233008516
0.0038275873202994787
0.0
0.0
0.0
0.003003592827735008
0.1629539259997786
0.2867471532055737
0.2785875740232805
0.22683101998672794
0.017982761887189953
0.0
0.0
0.0
0.004990810567810427
0.22926040925783142
0.28635105712876335
0.12273697100096756
0.00839723682837945
0.0
0.0
0.0
0.0
0.0070769165723449465
0.12041320735034684
0.3263039480763674
0.4595770747204905
0.2012696198298999
0.0038025223373793736
0.0
0.0
0.0
0.002983923778637981
0.1593098420931233
0.33221898282340206
0.3051260111695741
0.101823098145381
0.009902401920258786
0.0
0.0
0.0
0.005809409126551821
0.27880378807016015
0.3482317758388408
0.1492605398468215
0.010211887192618167
0.0
0.0
0.0
0.0
0.0086062445522694
0.309021982561524
0.34970896706796156
0.03882443904363322
0.0
0.0
0.0
0.0
0.0
0.007642858968060139
0.19373684098448232
0.40401180116455704
0.37106401418460044
0.12382716042369701
0.012042319802615761
0.0
0.0
0.0
0.007064827617534581
0.2507050418640567
0.3185916126980025
0.20003096013464955
0.02732803773873604
0.0
0.0
0.0
0.0
0.010019210075776318
0.1742635384340036
0.1972077245709548
0.0218938603311556
0.0
0.0
0.0
0.0
0.0
0.004309957616885884
0.05418232432656538
0.17420921123715208
0.15106582537841187
0.22098492772629597
0.15943221369354332
0.05968748027418432
0.20925025320637133
0.4728458123298626
0.09483717663710658
0.14137747527322728
0.1796600399879195
0.11280136972933683
0.015410814840209609
0.0
0.0
0.0
0.0
0.005650028472556285
0.031690864830043255
0.10202647568712211
0.2321038940152368
0.2111154869649396
0.1937488930380759
0.3668534512725808
0.40086227650162143
0.1096322832463325
0.0038753400420738623
0.04892401561985599
0.157302483376676
0.13640512643744604
0.1995386907115985
0.14395957002580617
0.05389490490743493
0.18894284775649597
0.4269568756183355
0.08563337894424658
0.08519188548778395
0.28535193736032977
0.18581969034226056
0.08679434321864826
0.0
0.0
0.0
0.0
0.001095557836407203
0.028615316622576194
0.09212496791519673
0.209578578943748
0.19062706353485329
0.17494587002568157
0.3312509052229421
0.36195922786134094
0.09899264390461501
0.003499244432703604
0.06749944401028259
0.25137329282220794
0.3054480654341275
0.05378044364094463
0.00861729820577009
0.0
0.0
0.0
0.0016842157783573419
0.10686056552783278
0.3579316178553187
0.23308319897472027
0.10887061071434485
0.0
0.0
0.0
0.0
0.0013742145662888293
0.05857845972120739
0.3986452882147714
0.38773361434513454
0.08138631938856826
0.03837545453024476
0.0
0.0
0.0
0.0005127666292122497
0.08466802581552665
0.3153104556351966
0.3831392253473928
0.06745957773916356
0.010809120543794223
0.0
0.0
0.0
0.0021125985123544686
0.11908492196825286
0.41784327081247796
0.1603523802872547
0.030889061743745918
0.0
0.0
0.0
0.0
0.0011896185797724192
0.06221373330114222
0.4233844959527313
0.4117956632789889
0.08643700761167099
0.040756966038668456
0.0
0.0
0.0
0.0005445880015856288
0.10778485727382765
0.2895465486830471
0.25077188297015035
0.07974946695219948
0.0
0.0
0.0
0.0
0.0014594958442494853
0.1264751174882464
0.4437738707320971
0.17030355985585782
0.032805981215518275
0.0
0.0
0.0
0.0
0.0012634441636786588
0.06698432419503232
0.3155560716387767
0.3217425913367894
0.1512211962802974
0.0
0.0
0.0
0.0
0.0014594958442494853
0.36672686407017513
0.1099236879230417
0.0
0.0
0.0
0.0
0.0
0.0
0.014835168047306106
0.3821282599055464
0.35691224907704644
0.06394599153215405
0.0
0.0
0.0
0.0
0.0
0.010116603146763456
0.3119915112238804
0.4252748173561084
0.034539895071972235
0.0
0.0
0.0
0.0
0.0
0.0058132719574685516
0.3569499975962508
0.4077595044452941
0.04903532644643927
0.0
0.0
0.0
0.0
0.0
0.009927860550741748
0.36734647605422377
0.34310589065422165
0.061472382735933515
0.0
0.0
0.0
0.0
0.0
0.009725264801198459
0.37605566841350585
0.2536189391625971
0.014515320598803665
0.0
0.0
0.0
0.0
0.0
0.011176796861078826
0.3431421789557187
0.391986232770693
0.0471385036446149
0.0
0.0
0.0
0.0
0.0
0.009543823293713411
0.32728419120152563
0.3443034046036229
0.19479560243594515
0.003773983355688953
0.0
0.0
0.0
0.0
0.0072939486008988435
0.3331585407906531
0.22468831820764987
0.01285954031807983
0.0
0.0
0.0
0.0
0.0
0.009901846044921472
0.2948371106427754
0.4571888071585333
0.02719792777273884
0.0
0.0
0.0
0.0
0.0
0.005851090844726324
0.289950485321905
0.30502829634485357
0.1725750310686313
0.003343480482700756
0.0
0.0
0.0
0.0
0.006461919009835116
0.2171654871215731
0.4887268297886239
0.17402172935441537
0.13508947104142863
0.0
0.0
0.0
0.0
0.006043983949497521
0.24964675117148333
0.38711443118631167
0.023029239067830644
0.0
0.0
0.0
0.0
0.0
0.004954280745088863
0.14704958563170345
0.27019884986676945
0.3529244497806434
0.23589998317000044
0.007894183604811924
0.0
0.0
0.0
0.007921404927587137
0.18388003534656736
0.413818548828796
0.14734902018223087
0.11438399830144724
0.0
0.0
0.0
0.0
0.0051176086817401436
0.1683911026874709
0.4071221034260935
0.2522327768351285
0.12094433709027372
0.008057511541463204
0.0
0.0
0.0
0.002531583018094859
0.1293575936164628
0.23769038767808398
0.31046301392770087
0.20751812408001974
0.006944409875744948
0.0
0.0
0.0
0.006968356116695793
0.10919485873585162
0.2959036994295873
0.41676037750850037
0.18251824852733792
0.0034482586969216294
0.0
0.0
0.0
0.0027059252274454454
0.148131446521925
0.35813997966083255
0.2218858686505265
0.1063931485446028
0.007088087321450017
0.0
0.0
0.0
0.002227000408428553
0.11855783894763185
0.24482636748143569
0.38158334955170947
0.21489356629287984
0.06405619454350944
0.0
0.0
0.0
0.004334269612102883
0.11558129893713279
0.31321011205398014
0.44113529094339016
0.19319312730237415
0.003649935755909456
0.0
0.0
0.0
0.002864185697345615
0.15291710010695655
0.318887789896506
0.2928819976356512
0.09773716857490877
0.009505041031014209
0.0
0.0
0.0
0.005576290738195003
0.12549188838547026
0.2591454386695714
0.4039008768778971
0.22746196856619066
0.06780262602123469
0.0
0.0
0.0
0.004587766470969526
0.2116202335145003
0.23438163843676907
0.17565315825314257
0.05535735896462675
0.0
0.0
0.0
0.0
0.005829758499022048
0.1891415980265944
0.3944290476997488
0.36226274907961203
0.12089010475560223
0.011756688092155299
0.0
0.0
0.0
0.006897257014064442
0.24475857049455046
0.31103494016606054
0.19528642700276094
0.026679844177131096
0.0
0.0
0.0
0.0
0.009781564492673213
0.26175090368374554
0.28990425276842685
0.21726359594302994
0.06847095144871246
0.0
0.0
0.0
0.0
0.007210768696521917
0.2707800401385208
0.38402045984216066
0.1779492309628626
0.10013563137691739
0.004514568227387635
0.0
0.0
0.0
0.003762140189489695
0.11577731809364393
0.1471278048939466
0.0923756775208541
0.012620276379875879
0.0
0.0
0.0
0.0
0.004626940341388102
0.025952389735349926
0.08355186501083513
0.19007530242170284
0.1728874054484054
0.15866549587343365
0.3004248635764108
0.3282754852466891
0.08978043854731911
0.003173606516208506
0.1280861657966956
0.18165189821045782
0.08417472236448353
0.047366818751261516
0.002135510926794508
0.0
0.0
0.0
0.0017795924389954233
0.0512522622430682
0.10268248373003593
0.07044220071023552
0.01198258908923585
0.047396478625244785
0.28120526523526024
0.651731240971099
0.2488908325305016
0.07910288391334659
0.024495476425352547
0.07886143667453499
0.179404869339282
0.16318186523814857
0.14975834415705538
0.2835596350998811
0.30984678065805943
0.08474035101661961
0.0029954468314431124
0.057781329533631604
0.215182262335397
0.2614717140717631
0.04603749826456258
0.007376637757806168
0.0
0.0
0.0
0.00144173375532075
0.048375066586296235
0.09691810215379487
0.06648772172595692
0.011309911400962774
0.04473573866024386
0.26541898513002005
0.6151444014085534
0.234918617626681
0.07466221214447458
0.0988917376829233
0.2446328237062209
0.10268503717507786
0.009392265532235178
0.0
0.0
0.0
0.0
0.0009938164721143036
0.0908077866930742
0.33817541299240067
0.4109228331944345
0.07235145601587235
0.011592951450399736
0.0
0.0
0.0
0.0022657950652583926
0.12772044804747792
0.4481434666936307
0.17198044485621466
0.03312900357552562
0.0
0.0
0.0
0.0
0.0012758845998542404
0.15541594306845188
0.3844592267526304
0.16137740387121907
0.014760664939693025
0.0
0.0
0.0
0.0
0.001561858734304329
0.083658433331822
0.36149330395525403
0.3114478304264885
0.14441693789729462
0.03966241264719302
0.0
0.0
0.0
0.00259576522039311
0.12830173435154252
0.4501830747863631
0.1727631689907612
0.033279781593769035
0.0
0.0
0.0
0.0
0.0012816914558025263
0.0679517452860822
0.320113490150955
0.3263893586586777
0.15340520838243338
0.0
0.0
0.0
0.0
0.001480574612737401
0.08403918286925874
0.36313854643453297
0.31286530398710627
0.14507421391971695
0.03984292577261991
0.0
0.0
0.0
0.002607579168701691
0.06039418532255695
0.29715353458925126
0.3689061579856443
0.15892974051951328
0.0
0.0
0.0
0.0
0.0025191866545084133
0.302229514258058
0.41196826468618036
0.03345916582530224
0.0
0.0
0.0
0.0
0.0
0.005631378729067263
0.3457812809224678
0.3950009937102894
0.04750104525362581
0.0
0.0
0.0
0.0
0.0
0.009617224712627858
0.3360909214211507
0.1691607662380854
0.004680626476107855
0.0
0.0
0.0
0.0
0.0
0.014444120766114081
0.2618225435072831
0.47347462197378504
0.15870249145553192
0.0
0.0
0.0
0.0
0.0
0.011409027035512897
0.33391528559212674
0.3814459512443055
0.04587097673267477
0.0
0.0
0.0
0.0
0.0
0.009287195443182036
0.3184837098937596
0.3350452865585975
0.1895576621254797
0.0036725031410301586
0.0
0.0
0.0
0.0
0.007097818570644827
0.25283771624784557
0.4572266410582546
0.15325638107760467
0.0
0.0
0.0
0.0
0.0
0.011017509423090476
0.396277213929235
0.19315954020610546
0.0
0.0
0.0
0.0
0.0
0.0
0.01370126171845867
0.2949024193000175
0.31023773747849714
0.17552236243513622
0.003400582282647945
0.0
0.0
0.0
0.0
0.006572279219348434
0.22087435883929676
0.4970735755847505
0.17699376823051283
0.13739660338160253
0.0
0.0
0.0
0.0
0.00614720643401744
0.36693590746033883
0.17885754890465633
0.0
0.0
0.0
0.0
0.0
0.0
0.01268678774680195
0.2538665465622947
0.39593895058253814
0.2274793359652092
0.0
0.0
0.0
0.0
0.0
0.007520518509702186
0.19154663682360878
0.4310720907464842
0.15349251593281937
0.11915306705148841
0.0
0.0
0.0
0.0
0.005330979677696293
0.17541191641611312
0.42409644712566885
0.2627492430507119
0.12598692929789698
0.008393457364883524
0.0
0.0
0.0
0.0026371335639667837
0.22015811817890438
0.34336613253842774
0.1972746043496442
0.0
0.0
0.0
0.0
0.0
0.0065219432227135495
0.21167959198937675
0.3194901490883198
0.3024763841595019
0.01843157867288612
0.0
0.0
0.0
0.0
0.006550299497594913
0.1605067571636456
0.3880599838570131
0.24042282765572903
0.1152815263624438
0.007680245735602828
0.0
0.0
0.0
0.002413050180442781
0.1284624886384108
0.26527983919190307
0.4134618776919968
0.23284636902466138
0.06940762615789718
0.0
0.0
0.0
0.004696366480216595
0.19369268383876728
0.2923423266994495
0.2767742610191735
0.01686540448696567
0.0
0.0
0.0
0.0
0.005993705286906261
0.18362533469885545
0.2686529200892962
0.1542016905631338
0.31958644163993255
0.06224631594497022
0.0
0.0
0.0
0.004410951942744867
0.13876946874927726
0.2865641382534055
0.44663532307003295
0.251528421037369
0.07497643484231806
0.0
0.0
0.0
0.005073171852882082
0.23401056242935075
0.25918022167735144
0.1942380162457062
0.06121440511985892
0.0
0.0
0.0
0.0
0.006446571967750711
0.1983582165903121
0.2902078528438733
0.1665738139319238
0.345227943159937
0.0672405484810172
0.0
0.0
0.0
0.00476485754138096
0.278435851859285
0.33547399948699225
0.04052931767551099
0.0
0.0
0.0
0.0
0.0
0.00479288611515379
0.1796566203861622
0.19898008967670888
0.14912209597270384
0.046996054488367266
0.0
0.0
0.0
0.0
0.00494921819245626
0.18585390229671614
0.2635781462582466
0.12213809765383363
0.0687295778552404
0.0030986409552769627
0.0
0.0
0.0
0.0025822007960641354
0.21376318923417598
0.2575530110674302
0.031115519592572832
0.0
0.0
0.0
0.0
0.0
0.0036796361343913934
0.30618445939330485
0.6519196276463254
0.21137465349781667
0.14901450427286783
0.14363491928106756
0.08650372666814854
0.17614913097150847
0.1466259685365085
0.026510594839591794
0.12421986495871391
0.17616870740758211
0.08163389527679289
0.04593704395949198
0.0020710501972970715
0.0
0.0
0.0
0.0017258751644142257
0.04970520473512972
0.09958299698670084
0.06831589192472978
0.011620892773722453
0.045965808545565555
0.2727170405635213
0.6320586320876
0.2413780240363663
0.07671515105821236
0.20464564762041684
0.43572594984244495
0.14127726450034117
0.09959737927973764
0.09600180602054133
0.05781681800787657
0.11773345079912378
0.09800094475265447
0.017718985021319387
0.17900201913582878
0.17113490484470728
0.015633552530985532
0.0210125301267432
0.02588812746621339
0.0380411650822969
0.09213296919364611
0.09526830907566528
0.08819222090156695
0.05083132947531945
0.10183915662242819
0.06986366174993269
0.011884176567146442
0.04700721325321787
0.27889573770573134
0.6463785985103774
0.2468467021366569
0.07845321511034548
0.10391300426595253
0.257054150821805
0.10789891002052761
0.009869161480885229
0.0
0.0
0.0
0.0
0.0010442778914200466
0.1830575019241394
0.1750121497184103
0.015987747436247753
0.021488591540347716
0.026474650768395544
0.03890302849022568
0.0942203404568566
0.0974267148276956
0.09019031028433415
0.19142643319481556
0.29494231769924223
0.25090614858781085
0.1257251748712473
0.02871028794439339
0.03678505642875403
0.07940924416587088
0.08138013483418474
0.13207909105566223
0.13816046045900252
0.34177358350205056
0.14346003367689203
0.013121821509977451
0.0
0.0
0.0
0.0
0.0013884490718456023
0.07437002563702569
0.3213575154597011
0.2768684782984511
0.12838265009389263
0.035258784176586205
0.0
0.0
0.0
0.00230756324616593
0.25451640380380997
0.39214886250309666
0.3335993340368186
0.16716144600191837
0.03817257166538894
0.048908607446279576
0.10558079632245643
0.10820124950030584
0.17560947415737335
0.07433091439556523
0.3159014972759698
0.284964505280762
0.18098726985818375
0.0744678037406768
0.0
0.0
0.0
0.0005866686219065925
0.08326991125539218
0.35981447585060733
0.3100014208661169
0.1437462443838153
0.03947821456573024
0.0
0.0
0.0
0.0025837101046900543
0.05984135352642303
0.2944334726929421
0.36552929226860814
0.15747494129602435
0.0
0.0
0.0
0.0
0.0024961267113107304
0.08322611955870249
0.35370553416239947
0.3190663020808767
0.2026460764314106
0.08337939049711633
0.0
0.0
0.0
0.0006568754503449291
0.07184027841939042
0.32793412066053346
0.30415522935804706
0.09750221267953232
0.001554605232482999
0.0
0.0
0.0
0.002342855772896914
0.3233649391940488
0.1627555444142824
0.004503395954394326
0.0
0.0
0.0
0.0
0.0
0.013897198453013739
0.25190871119893266
0.4555466470117009
0.15269326907868258
0.0
0.0
0.0
0.0
0.0
0.01097702763883617
0.3245611537444348
0.21662038196254582
0.01519896134608085
0.0
0.0
0.0
0.0
0.0
0.01146958657134805
0.26918345661774196
0.5727053073877408
0.11824932658374476
0.0844034913639999
0.010414103144536878
0.0
0.0
0.0
0.0047496754206502656
0.24205035308652503
0.4377189904698778
0.1467176721222791
0.0
0.0
0.0
0.0
0.0
0.010547445553491033
0.37936998077332174
0.18491835633844855
0.0
0.0
0.0
0.0
0.0
0.0
0.013116695111392697
0.25864905746717903
0.5502926882042533
0.11362168110667745
0.0811003906500801
0.010006550909722262
0.0
0.0
0.0
0.0045637985567990045
0.37061424872731463
0.1515519180009625
0.0
0.0
0.0
0.0
0.0
0.0
0.01534788551693888
0.41872606435089593
0.2041019044733025
0.0
0.0
0.0
0.0
0.0
0.0
0.01447742942150665
0.28969784027983925
0.4518226620232578
0.25958627960160247
0.0
0.0
0.0
0.0
0.0
0.008581981358109612
0.40906200708241586
0.16727401055828428
0.0
0.0
0.0
0.0
0.0
0.0
0.01694008494165985
0.3790996982538855
0.29510821983169094
0.025932508886461654
0.0
0.0
0.0
0.0
0.0
0.014029673872387887
0.25935423713016076
0.40449774052152454
0.23239662902041838
0.0
0.0
0.0
0.0
0.0
0.00768308533487081
0.2493662261948287
0.3763709672521278
0.3563281359437693
0.021713067250721856
0.0
0.0
0.0
0.0
0.007716490053718075
0.3393919434882062
0.26419792136301407
0.02321627959884875
0.0
0.0
0.0
0.0
0.0
0.012560174286571411
0.2640977072064723
0.22244202280393358
0.2795640920327557
0.02144582949994374
0.0
0.0
0.0
0.0
0.013495506414294816
0.2257164241207733
0.3406760817908576
0.32253410530425836
0.019653807860482604
0.0
0.0
0.0
0.0
0.006984660947340741
0.21398461265943905
0.31307004090374896
0.1796962770997663
0.3724245406424065
0.07253766931891964
0.0
0.0
0.0
0.005140226671203142
0.2390507768384238
0.20134570237377483
0.2530503353605829
0.01941191484066128
0.0
0.0
0.0
0.0
0.012215597500976881
0.1605867285338817
0.29256960747389177
0.30892762293930887
0.19814061986114231
0.0
0.0
0.0
0.0
0.010975895774392593
0.21626049963789837
0.31639977578787615
0.18160748189176626
0.37638555518439937
0.07330916188092669
0.0
0.0
0.0
0.005194896840249078
0.3035653247707901
0.36575129577024224
0.044187181358824504
0.0
0.0
0.0
0.0
0.0
0.005225455056956425
0.16229468893272267
0.29568130486029454
0.3122133000989696
0.20024799408324828
0.0
0.0
0.0
0.0
0.01109263266476715
0.28761393564955484
0.32718682628556983
0.061941505265793416
0.0
0.0
0.0
0.0
0.0
0.009595280046107121
0.1975627429879523
0.23803387062842768
0.028757371286549132
0.0
0.0
0.0
0.0
0.0
0.003400767973720541
0.28297969297116704
0.6025126697768275
0.19535522693483548
0.13772115916967687
0.13274927616716145
0.0799478786804478
0.1627993370343646
0.13551364311656003
0.024501439436395944
0.18718145127870017
0.21293580523173
0.040312027384394954
0.0
0.0
0.0
0.0
0.0
0.006244685051159357
0.3495034875448233
0.14149979025158857
0.044846384682689
0.03370936675705448
0.1180523900117259
0.10709435987418194
0.14249416685209165
0.12481415089514684
0.2123789543354483
0.23749105696217068
0.505659502545922
0.16395211557659725
0.11558265299480161
0.11140999404192069
0.06709635596232527
0.136629544753133
0.11372999241972247
0.020562863319797196
0.2077316533102239
0.19860187552132044
0.01814272112712626
0.02438501892063612
0.030043144460742657
0.04414673172148018
0.10692021300862081
0.11055877161553297
0.1023469787962633
0.2933212337517175
0.1187538737989911
0.03763738375498593
0.02829062770053267
0.09907561417720467
0.08987907384505511
0.11958840558956729
0.10475043035312272
0.17823929983126158
0.2973937488897292
0.30690741130229776
0.17091211071000265
0.0760592273931135
0.06899908844483896
0.0030710769893203607
0.043395653109961616
0.15864449338853276
0.22689250322185317
0.21467942091223602
0.2052442896862202
0.01874952037052873
0.025200597296543215
0.03104796381504298
0.04562325793932704
0.11049625344398074
0.11425650683935816
0.10577006339657974
0.22449402725154688
0.345891565768365
0.2942484526226767
0.14744333038388188
0.033669791870535495
0.0431394208341236
0.09312664257634282
0.09543799099368488
0.15489484169949222
0.3073403440313532
0.31717219923945017
0.17662841637002225
0.07860309505841714
0.07130682356188203
0.0031737918566488383
0.04484705884395097
0.16395049781221308
0.23448112227871903
0.2736533032920316
0.30997942095563186
0.11527419009774013
0.050521936674589374
0.07815462446997763
0.030961719471112304
0.0733076923410737
0.14816778287289956
0.07461860636881995
0.24780421097151642
0.38180697983955586
0.3248015393748058
0.16275300771298673
0.03716587167240876
0.04761877308027372
0.1027963837906429
0.10534772948946601
0.17097824160770017
0.07237063433751315
0.3075704359611123
0.2774493248003792
0.17621421225827003
0.07250391359043677
0.0
0.0
0.0
0.0005711967982439872
0.3020679068046952
0.34216592204142304
0.12724360675548554
0.055767847401887935
0.08626975642811686
0.034176608428265226
0.08091954641789817
0.16355268323052832
0.08236657830678294
0.14877772604928385
0.25936142618931973
0.15926870724369838
0.045505344926770976
0.0
0.0
0.0
0.0
0.0020753483669531535
0.09043736034279608
0.38435283319587693
0.34671223754675723
0.2202046224605572
0.09060391165097804
0.0
0.0
0.0
0.0007137913207797642
0.07806497744928019
0.35634842037728426
0.3305091745650568
0.10595042504774299
0.0016893061258454415
0.0
0.0
0.0
0.0025458557107811584
0.18591884601910252
0.3241088457220648
0.19902881327742417
0.0568653752221212
0.0
0.0
0.0
0.0
0.002593441798833143
0.0867732315627933
0.33250779026324007
0.2607717625248738
0.1911533157048208
0.09238838995292745
0.0
0.0
0.0
0.0014513756855855202
0.2572631057140507
0.17170395033944827
0.01204744299929213
0.0
0.0
0.0
0.0
0.0
0.009091357448539896
0.21336802404533345
0.45395434523721584
0.09373022203847418
0.06690235128542088
0.00825472946247794
0.0
0.0
0.0
0.0037648259372787905
0.13572894693878426
0.388028059935534
0.2603586292624799
0.1241277055320585
0.02744139794283207
0.0
0.0
0.0
0.0030118607498230325
0.1512623398800012
0.44767963534175137
0.38010798166748083
0.13564528414017804
0.006107384298252259
0.0
0.0
0.0
0.0008366279860619538
0.21172302686022307
0.4504545067613007
0.09300759289990983
0.06638655619365774
0.008191088217308334
0.0
0.0
0.0
0.00373580036938049
0.3033746625890244
0.12405624485876099
0.0
0.0
0.0
0.0
0.0
0.0
0.012563358279249946
0.15009615706310947
0.44422817281233345
0.37717747433078574
0.1345995036790126
0.006060298376995016
0.0
0.0
0.0
0.0008301778598623314
0.22561466971525282
0.4433703223571421
0.06132247124849751
0.0
0.0
0.0
0.0
0.0
0.004123216703982911
0.32463830925504594
0.13275139472684222
0.0
0.0
0.0
0.0
0.0
0.0
0.013443928888241443
0.3008597301861961
0.2342027171301796
0.020580463826713215
0.0
0.0
0.0
0.0
0.0
0.01113417899114269
0.24142808860315515
0.4744463186066173
0.06562058682013881
0.0
0.0
0.0
0.0
0.0
0.0044122145470219705
0.14077629501035202
0.4896077538285991
0.38658698598236124
0.18196683484194634
0.03286951776640528
0.0
0.0
0.0
0.0018359550464118262
0.30448015013417173
0.2370210145089728
0.020828120506225328
0.0
0.0
0.0
0.0
0.0
0.011268163036461472
0.23693110895283084
0.1995603661164812
0.2508065331174097
0.019239789014383685
0.0
0.0
0.0
0.0
0.012107281560453285
0.14247033796632405
0.4954994884171649
0.39123901181118226
0.18415654749748867
0.03326505577253253
0.0
0.0
0.0
0.0018580481602675828
0.25026709978055783
0.37163960057223067
0.19092943272685117
0.00476499447552493
0.0
0.0
0.0
0.0
0.00593376670537067
0.24552103095082023
0.20679541425518744
0.25989950771912657
0.019937326318040297
0.0
0.0
0.0
0.0
0.012546230268673336
0.16493323999238632
0.30048842593980984
0.31728919469068184
0.2035035815609316
0.0
0.0
0.0
0.0
0.011272974226555496
0.2593405172616114
0.38511337020251984
0.19785156693494507
0.004937749041383811
0.0
0.0
0.0
0.0
0.006148895032666635
0.17384603228721116
0.42700659949073844
0.30235172746486033
0.08717145634694566
0.0
0.0406510282715183
0.03325993222215134
0.0
0.00586939980390906
0.13739048865375164
0.2503088624013747
0.2643040147948372
0.1695198403592609
0.0
0.0
0.0
0.0
0.009390462696537724
0.2434794349857109
0.2769798459830011
0.05243655064981258
0.0
0.0
0.0
0.0
0.0
0.008122879577721337
0.14481490406396186
0.3556993445658228
0.2518610049958437
0.07261440437791016
0.0
0.03386257760266634
0.027705745311272456
0.0
0.004889249172577492
0.39962497998929675
0.25988040840060045
0.31412779207729363
0.09822475718664941
0.11967019403356338
0.15593859265765672
0.23357159142435013
0.06381892967591891
0.17321911354274544
0.18888541272624654
0.2148742152634851
0.04067899825712938
0.0
0.0
0.0
0.0
0.0
0.006301532043778307
0.35268510871770686
0.14278789965440333
0.045254632989554386
0.03401623189237015
0.11912705163015294
0.10806926769345916
0.14379132832379476
0.12595036658201478
0.2143122952086259
0.3100193216951823
0.20160888825413012
0.24369268664840757
0.07620037315358671
0.09283722049209696
0.12097336038183319
0.18119914911870802
0.049509170547774144
0.134379167404903
0.3833298202809218
0.21290749507147783
0.23514347438519234
0.1881629440842847
0.18467101231480243
0.026651065459036914
0.0
0.0
0.2526031332326036
0.2737649706951058
0.11083633586523715
0.03512803055180741
0.02640443981610358
0.09247006179846068
0.08388667162815208
0.11161522789521071
0.09776652760228084
0.1663557597617523
0.2775659638013767
0.28644533294307534
0.15951708773858445
0.07098821961178998
0.06439879303821368
0.00286632267030269
0.04050238555862496
0.14806737489797317
0.21176516510921067
0.29755233329049824
0.16526531091978927
0.1825255583040033
0.14605783346064138
0.1433472891963334
0.020687372316097675
0.0
0.0
0.1960782796255432
0.04195112473437577
0.16833414551788514
0.10965241997967734
0.13548047969360047
0.0677947622888984
0.1327699354292925
0.3394255688218766
0.37456917721428357
0.12362574299740293
0.2770929884475416
0.2859572270498033
0.1592452689248415
0.07086725493071316
0.06428905681008738
0.0028614384259932463
0.04043336906294804
0.14781506651666199
0.2114043150160445
0.24672130776295026
0.2794723367039382
0.10392930978756992
0.04554974537899031
0.07046292124008369
0.02791457594922759
0.06609300712212661
0.13358563086566294
0.06727490560242816
0.0418796395717381
0.16804730234392945
0.1094655710900351
0.1352496195155612
0.06767923929305765
0.13254369404750235
0.338847184043298
0.37393090735330226
0.12341508341675216
0.2007983312849174
0.13448760602168258
0.1253745466867258
0.009284123588684608
0.0
0.06556426306514959
0.14047485490215758
0.1705199583750866
0.27350063911925665
0.32627967124005436
0.3695916780242683
0.13744261222170082
0.06023782899855777
0.09318456920193421
0.03691597919167334
0.08740552176301487
0.1766619839868936
0.08896853815218878
0.16070276401322311
0.28015012175430315
0.17203463283473394
0.04915275223849542
0.0
0.0
0.0
0.0
0.002241694558157323
0.2655482581185996
0.17785481228389474
0.165803133283159
0.012277905057063502
0.0
0.08670627758891075
0.18577272425536787
0.2255062461485783
0.36169433205791596
0.12105150614049545
0.1390878926313575
0.1848061220146945
0.07510705070083067
0.13688733008344164
0.09347249327362414
0.2511726205392237
0.14499033610100112
0.04913218623337472
0.20795542928523605
0.36252480902527323
0.22261929433977468
0.06360551266850706
0.0
0.0
0.0
0.0
0.0029008371886473936
0.0970582864862114
0.37191926340685616
0.29168050997775624
0.21381033003296473
0.10333899819741126
0.0
0.0
0.0
0.0016234042982338623
0.15664520818695926
0.17998497162222307
0.23914608235949977
0.09719135241229615
0.17713736080400963
0.1209569268110312
0.32502683105459274
0.18762295577948732
0.06357889948329012
0.1592533003382202
0.25652449230616714
0.22748950723447633
0.15813554655910836
0.009767038974620123
0.0
0.0
0.0
0.003725845930372798
0.12581678413866587
0.3596907200545299
0.24134487296457457
0.11506277094744233
0.025437377356163388
0.0
0.0
0.0
0.002791907270798421
0.14021578737787627
0.4149859946122876
0.35234903797205996
0.12573923115892147
0.0056613675213412415
0.0
0.0
0.0
0.0007755297974440062
0.17689834679697775
0.30144843226648504
0.11408043320401327
0.0
0.0
0.0
0.0
0.0
0.006281791359296448
0.1309869827882926
0.3923922265134188
0.3366316340771947
0.16622188658549858
0.01576910588136145
0.056872185145893754
0.0
0.0
0.0018612715138656138
0.12514207746220465
0.3703734825775759
0.3144702278410489
0.11222180397790622
0.0050527498090381295
0.0
0.0
0.0
0.0006921575080874153
0.18810533878122315
0.36965825315255196
0.05112736793072371
0.0
0.0
0.0
0.0
0.0
0.0034377156235008283
0.11690540311596442
0.3502086271752958
0.3004425023438106
0.14835242590006928
0.014073869331110772
0.05075821725974377
0.0
0.0
0.001661178019409796
0.08063634969218385
0.3973214815591124
0.35800693509974735
0.1140214134989335
0.06393228183034091
0.0
0.0
0.0
0.0026301985307321768
0.18439953647435722
0.36237573572821663
0.050120124227545144
0.0
0.0
0.0
0.0
0.0
0.003369990302303352
0.10752304628959823
0.37395583663277604
0.29526995568167963
0.13898382823928923
0.02510529688293101
0.0
0.0
0.0
0.0014022778439114617
0.07904775910436386
0.38949397983869805
0.3509539565157122
0.11177511459049103
0.06267277266901067
0.0
0.0
0.0
0.0025783818420307522
0.10394949952608189
0.3526502603591535
0.34640786221528946
0.1424895228490679
0.024426775345554496
0.0
0.0
0.0
0.001718921228020502
0.11937925479121474
0.4151907022965806
0.3278283911020842
0.15430911247202658
0.027873574425378276
0.0
0.0
0.0
0.0015569023552913991
0.20970470272642702
0.31140558238659105
0.15998427267034684
0.003992701201473104
0.0
0.0
0.0
0.0
0.004972043005608018
0.11541166491805273
0.3915358310274758
0.3846051044135979
0.15820136836025508
0.02712023457604373
0.0
0.0
0.0
0.0019084609516475221
0.20332642533539452
0.3489721295400737
0.10612047344292666
0.0
0.0
0.0
0.0
0.0
0.00502226566223032
0.24298037051018936
0.3608190126567906
0.1853703676829621
0.004626257802792493
0.0
0.0
0.0
0.0
0.0057610002827227285
0.16287918981152433
0.4000694640779672
0.28327827652822457
0.081672362593953
0.0
0.03808661298022248
0.031161774256545663
0.0
0.0054991366335080585
0.23558999641013093
0.4043465703484733
0.1229595312867992
0.0
0.0
0.0
0.0
0.0
0.0058191922047704315
0.17271362463758635
0.32110302585923245
0.34280861278302616
0.09502740870390115
0.057522714944155715
0.05827920993077587
0.0
0.0
0.007564949866201563
0.11928483042908627
0.29299150025007803
0.20745929064980068
0.05981288299650683
0.0
0.02789279082380743
0.022821374310387898
0.0
0.004027301348891982
0.3291732869718694
0.21406491720089338
0.2587487845481235
0.08090827101451246
0.09857299492049898
0.1284474737096342
0.19239420041876032
0.05256800226305037
0.14268153350360163
0.12648709421705182
0.23516030521889902
0.2510564258870123
0.06959347198667308
0.04212685061777485
0.04268087090915682
0.0
0.0
0.005540202913819659
0.08284734203434935
0.15646811536991437
0.22269484866280473
0.177840513533611
0.34658230920491045
0.009780588990166242
0.3997043317593428
0.05118295153459545
0.0018751456016004998
0.2717126015214143
0.1766976174834366
0.21358144227566903
0.06678487493376556
0.08136603409101908
0.10602560603127173
0.15880975395758998
0.04339170041127196
0.11777495985159182
0.33596468161966186
0.18660014173619138
0.20608859088726122
0.16491308595706763
0.16185262553081659
0.023357996816444737
0.0
0.0
0.22139089301851644
0.06838546055898881
0.12915494775839884
0.18382110295833126
0.14679656734190344
0.2860826944423747
0.008073283538213957
0.32993170503228186
0.04224842496468393
0.0015478190661499527
0.08511245978522293
0.14917106250020165
0.12780060607551766
0.13467784760807028
0.21468954001620819
0.15085959239054705
0.28678624856335194
0.09278119970387498
0.0005980210028306636
0.29630165740063685
0.16457066558627065
0.18175836447114083
0.1454439212495875
0.14274476998066382
0.02060041888006103
0.0
0.0
0.1952541208157591
0.041774795213858684
0.16762660121832793
0.10919152748249214
0.13491102635533941
0.06750980645032048
0.13221187508641574
0.3379988907964229
0.3729947831107436
0.12310611764470203
0.0750643275305838
0.1315603558146066
0.1127128340229845
0.11877816819625549
0.18934391027863323
0.13304954272159897
0.2529290887344842
0.08182771806650746
0.0005274203628931289
0.06422118536404567
0.15029929106092718
0.14204671361801116
0.14099187289222492
0.0
0.2679140319860948
0.33007207298941155
0.002032119633499996
0.0010083036349427458
0.04065926394679263
0.16315039220536254
0.10627573669568265
0.13130843614751414
0.06570706152857096
0.12868136153676704
0.32897315341131256
0.36303453457134394
0.1198187592579823
0.19494705387337047
0.13056862778011985
0.12172112363128192
0.009013583578252955
0.0
0.06365371585580311
0.13638140780964647
0.16555099486690725
0.26553081137476503
0.0625062579798446
0.14628578105476195
0.13825357592305243
0.13722690308666852
0.0
0.2607598023115691
0.3212580090084864
0.0019778550230337305
0.0009813784465434539
0.067911388500807
0.1568544720175376
0.1410618280931614
0.04411673570461496
0.0016456961642036397
0.20122787593124852
0.3891090049895061
0.0019778550230337305
0.0016305980342568157
0.23806139620169275
0.15944508630361204
0.14864087485889454
0.011007020874567112
0.0
0.07773132329510041
0.16654341634834963
0.20216412711830545
0.324255403887792
0.10852148219045567
0.12469092491574098
0.16567686696626477
0.06733273071008224
0.12271814227993082
0.08379716896969434
0.22517377879579253
0.12998240731272717
0.04404652071916388
0.08293061958760947
0.19154428788254227
0.17225895482593054
0.053873559456423956
0.002009657077601032
0.24573128009418838
0.4751640569168235
0.0024152759373003213
0.001991219856705608
0.06687180018769666
0.2202879152585056
0.25815796697770305
0.11263298245013481
0.2249894065868383
0.12205440232769561
0.069287076124997
0.0
0.0009771727074573818
0.1531956903869717
0.17602148387480276
0.23387979507599851
0.09505108074978263
0.17323658090650415
0.11829330832633132
0.317869345344221
0.18349127034117396
0.06217881487164039
0.1557463491803667
0.2508755113217838
0.22247991189735541
0.1546532096974831
0.009551956909958987
0.0
0.0
0.0
0.003643798276278632
0.09440040248616141
0.31097215574983644
0.36443188188895304
0.15899974049847262
0.31760907403877253
0.17229960420688964
0.09780995658753644
0.0
0.0013794379188769108
0.14406016756573023
0.17097222054910244
0.28853676922017807
0.03727085094022144
0.0
0.0
0.0
0.0
0.00723554229146757
0.20709568450479598
0.3529070257212371
0.13355447255877023
0.0
0.0
0.0
0.0
0.0
0.007354121194602575
0.15334704565041668
0.459375331740216
0.39409615718565727
0.19459670486129446
0.01846096266957848
0.0665805211033978
0.0
0.0
0.002178998872474837
0.19211506725653152
0.36522442212536566
0.19444538549515036
0.0519630703338791
0.021517613865689015
0.0
0.0
0.0
0.0051751223221277376
0.33420395206582815
0.24277679104157143
0.014708242389205149
0.0
0.0
0.0
0.0
0.0
0.0057198720402464485
0.13040363212037479
0.390644707313039
0.33513244473485687
0.16548161723584165
0.015698878151456208
0.05661890480853059
0.0
0.0
0.0018529823391882736
0.08994685104809745
0.4431973453216841
0.3993434299608951
0.12718664889261733
0.07131408419292648
0.0
0.0
0.0
0.002933888703714766
0.2842011662730015
0.20645311562456017
0.012507630789520848
0.0
0.0
0.0
0.0
0.0
0.0048640786403692194
0.2109311562775985
0.34758860379273376
0.11336648894617146
0.014360613128709121
0.0
0.0
0.0
0.0
0.006047928468183948
0.08585529360268572
0.42303691305632346
0.3811778514543275
0.12140110471658734
0.06807010545723666
0.0
0.0
0.0
0.002800430177598332
0.11290155347580642
0.3830202397290632
0.3762402508780356
0.1547606150778026
0.026530391156194728
0.0
0.0
0.0
0.0018669534517322221
0.20133619066312225
0.331777280514413
0.10820960466947942
0.013707368764033941
0.0
0.0
0.0
0.0
0.005772816594172001
0.21612442721500114
0.3256114210882973
0.08966289603713959
0.0
0.0
0.0
0.0
0.0
0.0033654292485172945
0.12007807502594699
0.4073666983908978
0.40015574349377814
0.16459788352120674
0.02821678003220687
0.0
0.0
0.0
0.001985625261525669
0.21154747029701762
0.3630820297292396
0.11041121520009835
0.0
0.0
0.0
0.0
0.0
0.005225329635593865
0.22986225066977412
0.3463087215989834
0.09536226584958803
0.0
0.0
0.0
0.0
0.0
0.0035793508003817975
0.1874587006769299
0.4362105179793759
0.18832088006680286
0.007184828248941564
0.0
0.0
0.0
0.0
0.002769424706864749
0.2216712682463608
0.3804576528121125
0.11569504503014952
0.0
0.0
0.0
0.0
0.0
0.005475392571232821
0.16250965151419008
0.30213216208062715
0.32255537637132553
0.08941316068823198
0.05412425556663644
0.05483605660089671
0.0
0.0
0.00711801034260267
0.19642970849297747
0.457085771846516
0.1973331482672309
0.00752866478544513
0.0
0.0
0.0
0.0
0.0029019580627533963
0.18372679772771733
0.32726421398258565
0.3461269413904829
0.09891296679932092
0.0
0.0
0.0
0.0
0.004352937094130093
0.13082846300547454
0.24323162360653938
0.25967334082387156
0.0719821024555054
0.043572754609471576
0.044145790330182885
0.0
0.0
0.005730357207113107
0.08569088008175292
0.16183851143012123
0.23033831989053485
0.1839444663483307
0.3584779229757487
0.01011628445409583
0.41342323265779857
0.05293968465956031
0.001939505516253667
0.14790933544975404
0.2634641925147309
0.27864963911358076
0.0796299253434602
0.0
0.0
0.0
0.0
0.003504333830503784
0.09009884716414758
0.2561028874871319
0.2848207930289332
0.24827874591588128
0.17589992642296037
0.041941806788985535
0.0
0.0
0.0030855769576762877
0.0812233730427707
0.1534010360733192
0.2183295966229415
0.17435449367668834
0.33978862205264027
0.009588870428660431
0.3918693496749724
0.05017966616479815
0.0018383891017911067
0.1010905098132632
0.17717474968511787
0.15179244560925204
0.15996074264107388
0.2549929247325255
0.17918026506888998
0.3406242534625453
0.11019889218122825
0.0007102866984192913
0.08540153009229592
0.2427509245774166
0.2699716177550734
0.23533469581450922
0.16672935706130476
0.03975516432623267
0.0
0.0
0.002924709934667669
0.17343529912579275
0.16367930241515133
0.1533801452880716
0.01756915039325364
0.0
0.0
0.0
0.0
0.007520682689145436
0.10243937690425567
0.17953882114589637
0.15381783686429465
0.16209512481006114
0.25839533674175347
0.18157109644715871
0.3451692581987785
0.11166929389748889
0.0007197641691970851
0.08764187236693916
0.20511161868678104
0.19384942639228547
0.1924098980538913
0.0
0.36561902841773086
0.45044535271104624
0.002773209004847592
0.0013760197352297207
0.17574947449041758
0.16586330193115176
0.15542672147779402
0.01780357842043377
0.0
0.0
0.0
0.0
0.0076210323797338405
0.1517855615630323
0.20593723052791885
0.25763323350378003
0.016427558685204055
0.0
0.0
0.0
0.0
0.004996010115603295
0.08128938780978835
0.19024465663986462
0.1797987739551285
0.17846358594279382
0.0
0.33911812001518227
0.41779603715378666
0.0025722004355271198
0.001276282658849334
0.08831875999237389
0.2039892391197805
0.18345090587122043
0.057373814294734676
0.002140227843301193
0.2616968504175988
0.5060362566748469
0.0025722004355271198
0.0021205927254727397
0.14078379482999578
0.19101042623517417
0.23895938397225225
0.015236851434878206
0.0
0.0
0.0
0.0
0.0046338878075145055
0.20090652562071362
0.1563544432679577
0.11851757121253202
0.0
0.0
0.0
0.0
0.0
0.0033183349130082684
0.09474085521317693
0.21882230876160416
0.196790531404338
0.0615457489846383
0.002295854428242841
0.2807261267855097
0.5428326635291234
0.0027592378908239627
0.0022747915435800603
0.07639508267189701
0.2516593459508756
0.2949225110482223
0.12867316240491286
0.25703038153988406
0.1394362964675926
0.079154320562721
0.0
0.001116332887127252
0.21551543586954794
0.16772375056970393
0.12713557182453006
0.0
0.0
0.0
0.0
0.0
0.0035596275080095386
0.14592366494372833
0.17819200424710477
0.1163935006465131
0.2899306073831438
0.14552347013513553
0.007919644633204655
0.0
0.0
0.0028645523141378536
0.09759640693005193
0.3215003777227077
0.37677002752538946
0.16438280946669073
0.3283619944216774
0.1781329511654105
0.10112139433226779
0.0
0.0014261399413544949
0.14893744481881377
0.17676062782561658
0.29830542245011193
0.03853268671735163
0.0
0.0
0.0
0.0
0.0074805076169160295
0.18642070780573475
0.22764422460111375
0.14869527011179132
0.3703927602404646
0.18590945009090953
0.010117521093382834
0.0
0.0
0.0036595289061171943
0.18776612284474836
0.32809291141387464
0.03013729687390631
0.0
0.0
0.0
0.0
0.0
0.00616200087868263
0.21944397697876328
0.41717862542213513
0.22210578955396246
0.05935496352749472
0.024578555077489076
0.0
0.0
0.0
0.005911298056611297
0.3817454060769506
0.27731247374348433
0.016800531318790002
0.0
0.0
0.0
0.0
0.0
0.0065335399573072245
0.2724382455213662
0.16105694529679554
0.010508974322864528
0.0
0.0
0.0
0.0
0.0
0.017146221263621073
0.25480805833498166
0.5589806407918401
0.152829524609816
0.0
0.0
0.0
0.0
0.0
0.006844660907655187
0.3410766015698451
0.24776931067583965
0.015010706181557974
0.0
0.0
0.0
0.0
0.0
0.005837496848383658
0.25314351412355796
0.41714937795909884
0.13605382866206353
0.017234514504751747
0.0
0.0
0.0
0.0
0.00725826327709079
0.22766237708696258
0.4994302859172683
0.1365480082894399
0.0
0.0
0.0
0.0
0.0
0.006115472888782879
0.28047782476281474
0.40176803705700853
0.07066768671482437
0.0
0.0
0.0
0.0
0.0
0.006269904022338001
0.24268104218219697
0.399908510945919
0.13043069678045113
0.016522208581950446
0.0
0.0
0.0
0.0
0.006958277807810673
0.26050607724731195
0.39247647805332114
0.10807537871705938
0.0
0.0
0.0
0.0
0.0
0.004056527913489627
0.26888562030948393
0.38516288393192016
0.06774697712455668
0.0
0.0
0.0
0.0
0.0
0.0060107676382364535
0.22675102745623033
0.47946975549735393
0.153111721464634
0.014538359164404428
0.0
0.0
0.0
0.0
0.003168237129513796
0.25807224077881813
0.3888096785091195
0.10706566024581564
0.0
0.0
0.0
0.0
0.0
0.004018628891418286
0.2104646882914321
0.4897447297162022
0.21143267919228467
0.008066590840438165
0.0
0.0
0.0
0.0
0.0031093041057688934
0.22463255511300168
0.47499020174260054
0.1516812408578391
0.014402531282382324
0.0
0.0
0.0
0.0
0.003138637163370486
0.2882559570508576
0.24173372769473064
0.029773053465617223
0.0
0.0
0.0
0.0
0.0
0.010471901563768822
0.2298729556545854
0.5349071592486353
0.23093021106038347
0.008810461714984109
0.0
0.0
0.0
0.0
0.003396032515593876
0.2150073038882122
0.38298276123970915
0.4050569725910695
0.11575344791359123
0.0
0.0
0.0
0.0
0.005094048773390813
0.31483784462963216
0.2640255090661238
0.03251861323894135
0.0
0.0
0.0
0.0
0.0
0.011437581208179377
0.2479744497235528
0.06843325899347658
0.016147173470370875
0.0
0.0
0.0
0.0
0.0
0.027552716635950315
0.20076718882812103
0.35761748997934106
0.3782297076969057
0.10808699943912997
0.0
0.0
0.0
0.0
0.00475666562713027
0.1222971640484814
0.34762550054876573
0.386606225782418
0.3370052722617767
0.23876068157312383
0.0569304068454648
0.0
0.0
0.004188259042756212
0.23155089279237923
0.06390086653805192
0.015077732553922365
0.0
0.0
0.0
0.0
0.0
0.02572787697693103
0.12651533922725733
0.15077732553922363
0.32889799940044145
0.10042846861809004
0.04424596517311742
0.0
0.0
0.0
0.019774565909013265
0.13214897295086156
0.3756289299630655
0.4177497987876672
0.3641531752180665
0.2579943623093998
0.06151651064713542
0.0
0.0
0.0045256497585911505
0.26837103068445517
0.2532747561325833
0.23733800376840158
0.027186224621251122
0.0
0.0
0.0
0.0
0.011637385093520103
0.13670694877915696
0.16292339130928138
0.35539281032822223
0.10851861599707494
0.047810257092545085
0.0
0.0
0.0
0.021367532074491075
0.2857301301156227
0.04674349679230574
0.0
0.0
0.0
0.0
0.0
0.0
0.026345746808941334
0.3006667180566196
0.28375376246369727
0.2658991862167792
0.030457806538860165
0.0
0.0
0.0
0.0
0.013037824439940145
0.25967000342880786
0.3523109893103825
0.4407508984279765
0.028103754903870976
0.0
0.0
0.0
0.0
0.008547018243960761
0.3201148061795303
0.05236859483375957
0.0
0.0
0.0
0.0
0.0
0.0
0.029516185884864484
0.3484358581574003
0.3668698932683157
0.09198909465957768
0.0
0.0
0.0
0.0
0.0
0.007569181410965249
0.25859296562960477
0.35084970287932987
0.43892278824439196
0.02798718846981497
0.0
0.0
0.0
0.0
0.008511567627417954
0.36902694899890043
0.2871932754963101
0.21769416186057106
0.0
0.0
0.0
0.0
0.0
0.006095148004379805
0.34699064467537344
0.36534822061755884
0.09160754988831188
0.0
0.0
0.0
0.0
0.0
0.007537786585298103
0.28841951829009055
0.0636203614184969
0.0
0.0
0.0
0.0
0.0
0.0
0.029538024944302133
0.31672823097339453
0.2464920742026135
0.1868424161606147
0.0
0.0
0.0
0.0
0.0
0.005231340015100046
0.21445398594445636
0.261876547501458
0.17105553209137786
0.4260910964961665
0.21386584712619067
0.011638957666731465
0.0
0.0
0.0042098357517964865
0.24754453314056254
0.05460404607477208
0.0
0.0
0.0
0.0
0.0
0.0
0.025351878534715606
0.20247452685662368
0.12453065609909758
0.005200385340454486
0.48945531549563276
0.2674174342630137
0.0
0.0
0.0
0.01414628631302202
0.21567619484363929
0.2633690254586011
0.1720304059910437
0.4285194604536222
0.2150847041245242
0.01170529002038227
0.0
0.0
0.00423382830524465
0.21723274936762624
0.3795813862194708
0.03486682133730889
0.0
0.0
0.0
0.0
0.0
0.007129019719860479
0.20362846282797983
0.12524037699999435
0.005230023200596335
0.4922448026656501
0.2689414906544746
0.0
0.0
0.0
0.014226908349241217
0.2365962876460246
0.05883776100670875
0.0
0.0
0.0
0.0
0.0
0.0
0.02210307424061545
0.24995718638526232
0.14776684828942235
0.009641794779992356
0.0
0.0
0.0
0.0
0.0
0.015731349377882266
0.23378180698461723
0.5128546762910406
0.14021833790245458
0.0
0.0
0.0
0.0
0.0
0.006279853179073969
0.21329299307713356
0.4276960612111741
0.02378732264800746
0.0
0.0
0.0
0.0
0.0
0.008246271851309252
0.20609336342233664
0.5257632633813595
0.17310827601709958
0.0
0.0
0.0
0.0
0.0
0.007199629654796924
0.19740291970224877
0.43304914008755424
0.11839890218472958
0.0
0.0
0.0
0.0
0.0
0.0053026425316843396
0.24319846883952262
0.3483675457179287
0.06127498036613014
0.0
0.0
0.0
0.0
0.0
0.005436547646120812
0.1740230867216406
0.44394901640268325
0.14617082291885414
0.0
0.0
0.0
0.0
0.0
0.006079292195415884
0.1449121148431513
0.4485821333621853
0.3226309827232385
0.007150533110907669
0.0
0.0
0.0
0.0
0.004418868776403616
0.23882360294745256
0.3421008068649337
0.06017271264659965
0.0
0.0
0.0
0.0
0.0
0.005338750291634497
0.20139975238097033
0.4258639579923023
0.13599348649281764
0.012912937897500188
0.0
0.0
0.0
0.0
0.002814021089679267
0.14230530949770573
0.44051264721614697
0.316827215582861
0.007021903092937984
0.0
0.0
0.0
0.0
0.004339378315860553
0.1537980872191061
0.4565551973535709
0.18659326758200379
0.0
0.0
0.0
0.0
0.0
0.0051809547165122954
0.24290553441214544
0.5136287958652219
0.16401991622423664
0.015574120840475767
0.0
0.0
0.0
0.0
0.0033939530141159006
0.31170445111885
0.26139782046102
0.03219497485352933
0.0
0.0
0.0
0.0
0.0
0.011323749776068943
0.18549380585560546
0.5506450871500191
0.2250476321042273
0.0
0.0
0.0
0.0
0.0
0.006248679848418995
0.27113561088469823
0.14463949293802342
0.015193490595902023
0.0
0.0
0.0
0.0
0.0
0.02007824540126509
0.5026127255049938
0.42149501077507423
0.051913291583145275
0.0
0.0
0.0
0.0
0.0
0.01825915772924421
0.39587081463403406
0.10924806977497371
0.025777634441285932
0.0
0.0
0.0
0.0
0.0
0.043985646070448234
0.4371968635002225
0.2332262163735394
0.024498981939238024
0.0
0.0
0.0
0.0
0.0
0.03237548135185316
0.38027125410904944
0.03871759776201081
0.0
0.0
0.0
0.0
0.0
0.0
0.04644065887438021
0.3394968627942802
0.09369060709671606
0.022106772461022894
0.0
0.0
0.0
0.0
0.0
0.03772187364380892
0.1854951205112417
0.2210677246102289
0.4822259056279478
0.14724689514217035
0.06487285013859695
0.0
0.0
0.0
0.028993207533206614
0.3261187564438595
0.03320402133530621
0.0
0.0
0.0
0.0
0.0
0.0
0.0398272805448587
0.2707641000037586
0.3076525834159019
0.49950778727406486
0.06680280646455926
0.0
0.0
0.0
0.0
0.02289630004891657
0.1758747955768075
0.20960249933958608
0.4572162455832163
0.13961023616726004
0.061508352484771406
0.0
0.0
0.0
0.027489534139576676
0.36759454199654795
0.06013595516766697
0.0
0.0
0.0
0.0
0.0
0.0
0.033894054952730686
0.256721473893505
0.29169681158092403
0.47360183779349335
0.06333821557424399
0.0
0.0
0.0
0.0
0.021708830288742847
0.2983508591790061
0.2872469172497066
0.0012892217221284067
0.0
0.0
0.0
0.0
0.0
0.029444160621513293
0.3717049868737358
0.0608083958614574
0.0
0.0
0.0
0.0
0.0
0.0
0.03427305852495697
0.40459030192467615
0.42599519369056954
0.10681419466673707
0.0
0.0
0.0
0.0
0.0
0.00878904200210553
0.30168702068471326
0.2904589143949421
0.0013036378089247439
0.0
0.0
0.0
0.0
0.0
0.029773405442539314
0.31291512697448454
0.47225330949112493
0.052061406691897835
0.0
0.0
0.0
0.0
0.0
0.019806884129146916
0.4300698371012669
0.45282272631076126
0.11354094025955908
0.0
0.0
0.0
0.0
0.0
0.009342541934743247
0.35747515718728107
0.0788528419755363
0.0
0.0
0.0
0.0
0.0
0.0
0.036610248060070426
0.33262131357140917
0.5019939996515151
0.05534003308713943
0.0
0.0
0.0
0.0
0.0
0.021054245221359184
0.29592166319617375
0.08050678480608894
0.0
0.0
0.0
0.0
0.0
0.0
0.03839829436337058
0.2659804498620778
0.05867069070360201
0.0
0.0
0.0
0.0
0.0
0.0
0.027239963540958076
0.21755384801148567
0.13380509563525564
0.005587684828914479
0.5259075744928317
0.2873333883154296
0.0
0.0
0.0
0.015199833135797121
0.22018139028222528
0.05990131176711295
0.0
0.0
0.0
0.0
0.0
0.0
0.028570364690699627
0.17700987297311216
0.26727759098307585
0.07846040780600745
0.41757966087512655
0.405073890067556
0.0
0.0
0.0
0.0129381511812365
0.20751036882659127
0.12762791832890644
0.005329726641624728
0.5016287955795844
0.27406850272021444
0.0
0.0
0.0
0.01449812544775298
0.2411066814068329
0.05995942471827818
0.0
0.0
0.0
0.0
0.0
0.0
0.022524439973533067
0.168838126111469
0.25493859102438277
0.07483824492614721
0.3983018927714193
0.38637345695444963
0.0
0.0
0.0
0.012340855140428686
0.16242976431618217
0.25360615936397657
0.22886099995643322
0.031121796639487245
0.0
0.0
0.0
0.0
0.014307778067694952
0.24486903469872962
0.4910124807304638
0.02730881427866873
0.0
0.0
0.0
0.0
0.0
0.00946705561660516
0.2366035669103859
0.603597619063322
0.19873534444396518
0.0
0.0
0.0
0.0
0.0
0.008265467788343734
0.26471343974122874
0.03743128143796193
0.0
0.0
0.0
0.0
0.0
0.0
0.02701752025969626
0.39091657346104985
0.11345902038977566
0.0
0.0
0.0
0.0
0.0
0.0
0.01849717020475162
0.20170724394155423
0.5145738662387109
0.16942415165173938
0.0
0.0
0.0
0.0
0.0
0.007046405720949954
0.16796520421171893
0.5199440344753821
0.3739561661686523
0.00828806311671206
0.0
0.0
0.0
0.0
0.0051218367575186895
0.3332608450225493
0.09672511112986809
0.0
0.0
0.0
0.0
0.0
0.0
0.015769048926178753
0.3190749092759672
0.06770136950392884
0.0
0.0
0.0
0.0
0.0
0.0
0.01489988874914528
0.16945033810623578
0.5245413349250507
0.3772626544383334
0.00836134545820827
0.0
0.0
0.0
0.0
0.005167123597769157
0.1831353866651759
0.5436440342865004
0.22218631470407377
0.0
0.0
0.0
0.0
0.0
0.006169232416730447
0.3218961421907221
0.06829997919233048
0.0
0.0
0.0
0.0
0.0
0.0
0.015031632284419366
0.2541285333084648
0.03717197400334537
0.0
0.0
0.0
0.0
0.0
0.0
0.02749536072025041
0.23613213766525962
0.7009668108530966
0.2864838434909401
0.0
0.0
0.0
0.0
0.0
0.007954519685372119
0.34515347345462366
0.18412492266648153
0.01934119253448348
0.0
0.0
0.0
0.0
0.0
0.025559446501728682
0.32766968145581077
0.04792900947480559
0.0
0.0
0.0
0.0
0.0
0.0
0.0354521232678006
0.32270315393651766
0.016958874456123298
0.0
0.0
0.0
0.0
0.0
0.0
0.03666347144323799
0.4656724189967512
0.24841673264216024
0.026094652398156747
0.0
0.0
0.0
0.0
0.0
0.03448416486019461
0.4050391243847503
0.041239356712744576
0.0
0.0
0.0
0.0
0.0
0.0
0.04946543711383366
0.43538301036757565
0.022880488532830548
0.0
0.0
0.0
0.0
0.0
0.0
0.049465437113833666
0.573755488637551
0.16991486603309167
0.0
0.0
0.0
0.0
0.0
0.0
0.02772897300764464
0.33136783556533556
0.03373846019138655
0.0
0.0
0.0
0.0
0.0
0.0
0.040468324773816365
0.2751222123664851
0.31260443828584583
0.5075476679782167
0.06787803813934178
0.0
0.0
0.0
0.0
0.023264829880982538
0.469396912464575
0.13900958697085164
0.0
0.0
0.0
0.0
0.0
0.0
0.02268543756593891
0.4118142300771621
0.20225248658984438
0.0
0.0
0.0
0.0
0.0
0.0
0.024156202673357347
0.27281423224509815
0.30998202251208784
0.5032898877056824
0.06730861424093382
0.0
0.0
0.0
0.0
0.023069662924338447
0.3170531835616935
0.305253183560164
0.0013700374533610954
0.0
0.0
0.0
0.0
0.0
0.03128988764450502
0.40835955061472645
0.20055580526944036
0.0
0.0
0.0
0.0
0.0
0.0
0.023953558055539153
0.4036307116628028
0.07124194757477696
0.0
0.0
0.0
0.0
0.0
0.0
0.029831460678023846
0.2707167675656389
0.26064130381598377
0.0011698103979000288
0.0
0.0
0.0
0.0
0.0
0.026716960055265176
0.28079223131529407
0.4237732505941072
0.04671694427742696
0.0
0.0
0.0
0.0
0.0
0.017773570884223017
0.3446412375490634
0.060830140690801504
0.0
0.0
0.0
0.0
0.0
0.0
0.025471678018790942
0.28501864307544894
0.6239617719121605
0.05803769006355627
0.0
0.0
0.0
0.0
0.0
0.008830181713180861
0.2747155180383767
0.4146022399638449
0.045705928145613535
0.0
0.0
0.0
0.0
0.0
0.017388927428581565
0.24440488232953284
0.06649141889357833
0.0
0.0
0.0
0.0
0.0
0.0
0.03171356403641521
0.2788504646880606
0.6104584183261065
0.056781678100124085
0.0
0.0
0.0
0.0
0.0
0.008639084964518227
0.3792705976089562
0.2624952739219001
0.13564101777623921
0.011814133284811252
0.0
0.0
0.0
0.0
0.008971357463153544
0.21111450659330677
0.05743462634056578
0.0
0.0
0.0
0.0
0.0
0.0
0.027393861202968356
0.16972075590477012
0.25627132552625576
0.07522947447939737
0.4003840831237109
0.38839328939575263
0.0
0.0
0.0
0.012405369043020593
0.3276101701258369
0.22674080693027357
0.11716536211840017
0.010204930832304858
0.0
0.0
0.0
0.0
0.0077493693507815
0.1992193840919014
0.281719871789316
0.42130419132993585
0.26532820163992626
0.017188930370663495
0.0
0.0
0.0
0.007302903626868163
0.16771299382852042
0.25323968778767203
0.07433952507355877
0.3956476207284995
0.38379867565530823
0.0
0.0
0.0
0.012258616046466454
0.16134733716685923
0.2519161354124751
0.2273358770159614
0.03091440190638455
0.0
0.0
0.0
0.0
0.014212431457471388
0.1968626592346425
0.27838718291641296
0.4163202483030034
0.2621894228961462
0.01698558881502678
0.0
0.0
0.0
0.007216511760002101
0.21728318159482313
0.1966735803239001
0.05073617438254753
0.05940229112490813
0.07106215728735694
0.0
0.0
0.0
0.01367670787703455
0.43611052069619843
0.061667347355666036
0.0
0.0
0.0
0.0
0.0
0.0
0.04451086744932316
0.6440278610996407
0.1869216482103652
0.0
0.0
0.0
0.0
0.0
0.0
0.03047374752595171
0.42189343769688653
0.06508664579853858
0.0
0.0
0.0
0.0
0.0
0.0
0.04691037512853195
0.40605668701410835
0.012477439931885737
0.0
0.0
0.0
0.0
0.0
0.0
0.06256716273536933
0.5949254913950828
0.17267025253232843
0.0
0.0
0.0
0.0
0.0
0.0
0.028150349257516964
0.5696012598779857
0.12085809395796158
0.0
0.0
0.0
0.0
0.0
0.0
0.026598755203953037
0.3750978624490792
0.011526127255046313
0.0
0.0
0.0
0.0
0.0
0.0
0.057796878495256256
0.35769784341982674
0.010029947274823956
0.0
0.0
0.0
0.0
0.0
0.0
0.058960574035429224
0.5255296539740579
0.11150697298544805
0.0
0.0
0.0
0.0
0.0
0.0
0.024540736833110994
0.41489183208478253
0.06068719712688069
0.0
0.0
0.0
0.0
0.0
0.0
0.044889097790565505
0.33002178387027387
0.009253902847485602
0.0
0.0
0.0
0.0
0.0
0.0
0.054398633313396026
0.6184776947294659
0.19555899663885315
0.0
0.0
0.0
0.0
0.0
0.0
0.015235707450556406
0.3960994672827407
0.057938394043698487
0.0
0.0
0.0
0.0
0.0
0.0
0.04285586349651835
0.3900957415309507
0.020500526957332243
0.0
0.0
0.0
0.0
0.0
0.0
0.04432018685061352
0.5904639871496384
0.1867012276471329
0.0
0.0
0.0
0.0
0.0
0.0
0.014545611984011924
0.48918162182472325
0.24400508157072348
0.0
0.0
0.0
0.0
0.0
0.0
0.028261440734036594
0.3910579867660812
0.02055109540061988
0.0
0.0
0.0
0.0
0.0
0.0
0.04442951100895917
0.5153431827603062
0.1526163489393653
0.0
0.0
0.0
0.0
0.0
0.0
0.024905970378370283
0.4903882812024106
0.2446069664469018
0.0
0.0
0.0
0.0
0.0
0.0
0.028331152945140263
0.4793787658092214
0.15217596832363767
0.01487507857568677
0.0
0.0
0.0
0.0
0.0
0.029799088330898824
0.4591580210048576
0.13597738962344766
0.0
0.0
0.0
0.0
0.0
0.0
0.022190603179972696
0.4028313818918422
0.19784078041398054
0.0
0.0
0.0
0.0
0.0
0.0
0.023629286686729277
0.42711461562709735
0.13558502139433218
0.013253326850121218
0.0
0.0
0.0
0.0
0.0
0.02655025017014415
0.34175272755954017
0.33857018525671506
0.180663771272705
0.23655444568670306
0.2080423543709817
0.054887955606258594
0.0
0.0
0.014561220947172656
0.346662701203383
0.1702549067165533
0.0
0.0
0.0
0.0
0.0
0.0
0.020334543728596714
0.3426483171093613
0.06047838466881532
0.0
0.0
0.0
0.0
0.0
0.0
0.025324385639857522
0.29410053189754537
0.2913617464876053
0.15547296902454755
0.2035705429360992
0.17903402707170388
0.04723466891937871
0.0
0.0
0.01253088119068506
0.28115695701495164
0.20113189839300177
0.38297974609135654
0.4363673027810117
0.02472410390617202
0.0
0.0
0.0
0.0085164970966632
0.24871953003410913
0.04389969149403086
0.0
0.0
0.0
0.0
0.0
0.0
0.01838231498664443
0.20569129643574136
0.45029863452469
0.041884445110309844
0.0
0.0
0.0
0.0
0.0
0.006372535862036737
0.20408454594061248
0.145996430582816
0.27799506871654284
0.3167477120143132
0.017946586038812863
0.0
0.0
0.0
0.006181904447360426
0.09719478842568
0.24651365223571176
0.42971044173964823
0.4394598769473796
0.005855107736486746
0.0
0.0
0.0
0.0062091375065998974
0.19381327247281038
0.42429530786944525
0.039465750438657805
0.0
0.0
0.0
0.0
0.0
0.006004542004321148
0.2636096581640648
0.1824456993620657
0.09427644155502524
0.00821133949308875
0.0
0.0
0.0
0.0
0.006235485927564269
0.09158209578385547
0.23227826591074804
0.4048960183170231
0.4140824543749161
0.005516993721919004
0.0
0.0
0.0
0.005850579388825734
0.1158568681602991
0.11018591182288466
0.2815463028692805
0.38985900287030434
0.11950065006035723
0.0
0.0
0.0
0.011521535726240153
0.2791818087035144
0.19322327069813958
0.09984561132840575
0.008696405994852975
0.0
0.0
0.0
0.0
0.006603833302341477
0.16977015078077043
0.24007515799540996
0.35902568624375836
0.22610655586617737
0.01464800884758048
0.0
0.0
0.0
0.00622336554006666
0.1227008533336287
0.11669489794343335
0.2981780205485214
0.41288905087437894
0.12655988349384473
0.0
0.0
0.0
0.01220214466152808
0.1594431686618825
0.35551994757708316
0.2180080277834705
0.25453293296185303
0.05834744897171668
0.14609962071353
0.12161380258427207
0.0
0.0012229320930261997
0.18987074696401712
0.2684997884872943
0.40153392638732677
0.25287731947184605
0.016382316730207333
0.0
0.0
0.0
0.00696020506719384
0.20956599973057438
0.1896883835124749
0.04893419283048944
0.05729251769284012
0.06853826387127558
0.0
0.0
0.0
0.013190956328218892
0.17832106169967796
0.39761311217916945
0.24381993471191693
0.284669347857369
0.06525572174351604
0.16339765258180822
0.13601274094188837
0.0
0.0013677258865664752
0.19117768503340288
0.16683216425251954
0.11209273488127022
0.2506281702361589
0.23637342710727727
0.019786434492328343
0.0
0.0
0.007264144153097503
0.2969139843821219
0.04580572629810923
0.0
0.0
0.0
0.0
0.0
0.0
0.03301389674204739
0.28576862793723623
0.008781189926273475
0.0
0.0
0.0
0.0
0.0
0.0
0.04403260140915015
0.20876434704529973
0.20597800793407833
0.2530502520100154
0.2489973951209661
0.1461139343020793
0.0
0.0
0.0
0.02123528140824787
0.23151944978694097
0.2281420690460666
0.47034248542602297
0.5134040898721718
0.01815342148219997
0.0
0.0
0.0
0.018575594074809278
0.2293966530116623
0.007048973825738775
0.0
0.0
0.0
0.0
0.0
0.0
0.035346537020411246
0.21875541367857596
0.006133962800282299
0.0
0.0
0.0
0.0
0.0
0.0
0.03605821226243296
0.18584890605938187
0.1831377622802516
0.3775606605411331
0.41212774372504446
0.014572397812825351
0.0
0.0
0.0
0.01491129078521664
0.2146209194154022
0.32648948960176616
0.3825762765325243
0.46574061195734623
0.004880058802434537
0.0
0.0
0.0
0.0032872618321954862
0.18426412657488142
0.005166817491875064
0.0
0.0
0.0
0.0
0.0
0.0
0.030372893985387114
0.3453203933658157
0.10918827020122715
0.0
0.0
0.0
0.0
0.0
0.0
0.008506693992147894
0.18078152030963962
0.2750117111421236
0.3222552633468376
0.39230703199358574
0.004110617231105023
0.0
0.0
0.0
0.002768957440397133
0.1443283383365763
0.18723290568623505
0.4049528891698323
0.4972990471047264
0.023379135501909818
0.0
0.0
0.0
0.006251563705638888
0.3272091772425597
0.10346161056070023
0.0
0.0
0.0
0.0
0.0
0.0
0.008060538548258476
0.271082944062572
0.13521688658638967
0.0
0.0
0.0
0.0
0.0
0.0
0.015661247716247176
0.13675866744964713
0.17741299442291059
0.3837140934415931
0.47121691962822454
0.022152956614173464
0.0
0.0
0.0
0.005923684369357739
0.11649912593070218
0.2946965351787788
0.23421544727976562
0.45982938026977876
0.05826308735888845
0.0
0.0
0.0
0.007167928574793612
0.27239049332139736
0.1358690956010442
0.0
0.0
0.0
0.0
0.0
0.0
0.01573678862832659
0.2662751609528767
0.0845274829604416
0.00826249351124574
0.0
0.0
0.0
0.0
0.0
0.01655216627746268
0.11706105116097167
0.29611798291125757
0.23534516879564757
0.46204733451045243
0.05854411520797145
0.0
0.0
0.0
0.007202502567368818
0.09743762907176304
0.10254732900634923
0.3390883850207297
0.552037847720106
0.12287741172480916
0.0
0.0
0.0
0.01125221155807808
0.2736171597618696
0.08685815727869901
0.008490315052322991
0.0
0.0
0.0
0.0
0.0
0.017008558772581256
0.21893282794460497
0.2168940351853301
0.1157363999237713
0.15154095221679129
0.13327560338712272
0.03516219293050871
0.0
0.0
0.009328175090381183
0.10012427454795367
0.105374864119785
0.3484380611604659
0.5672591744333298
0.12626550773536924
0.0
0.0
0.0
0.011562468525203023
0.15450139101793023
0.18354720567061408
0.28802835241647046
0.3783496645191433
0.04988060093239757
0.013266117269254673
0.0
0.0
0.008797530399610993
0.21639663452500424
0.21438145984451887
0.11439566953331008
0.14978544953854744
0.13173169281200667
0.03475486195522138
0.0
0.0
0.009220114291536094
0.20687286377476496
0.14799111591893707
0.281793193676648
0.3210752973798092
0.01819178238958768
0.0
0.0
0.0
0.006266365102331417
0.15271159359514272
0.18142093150890773
0.28469173260063396
0.37396673145939957
0.04930276684036965
0.013112437989460012
0.0
0.0
0.008695616771957692
0.13752877065997846
0.11577592616377959
0.18473354742203454
0.18961965589389643
0.25592718442165
0.3625658116917217
0.16184889248885065
0.0
0.010904027380708852
0.1718102806515464
0.12290831526193487
0.23403247196303514
0.26665670860129914
0.015108483446673215
0.0
0.0
0.0
0.005204287924726585
0.08182424494867481
0.20752957839041872
0.3617553267148052
0.36996297022604796
0.00492917138245029
0.0
0.0
0.0
0.005227214303249609
0.11421921780170856
0.09615323152556521
0.15342332507608064
0.15748129407465597
0.21255045528696107
0.30111505552140516
0.13441735728049325
0.0
0.009055919516594717
0.13599927739858192
0.168646440415369
0.133271038354342
0.20840078077429364
0.25771542097731953
0.33541291779184995
0.0025448280160557312
0.0
0.0019945949315031404
0.06929511391081768
0.1757521353658508
0.30636245514115773
0.3133133239503683
0.0041744044524588955
0.0
0.0
0.0
0.004426810303072688
0.08766249350163681
0.08337159404120231
0.21303053791804188
0.29498477602887446
0.09041954202372594
0.0
0.0
0.0
0.008717709763507182
0.1151747312185403
0.14282287977808206
0.11286424689369097
0.17648993708302957
0.21825339744228112
0.2840536611138309
0.0021551576475485465
0.0
0.0016891776156461576
0.07506161680560973
0.1398716729093669
0.11876666063112123
0.19342054490881636
0.4318858262348635
0.38282201204247457
0.0358804624564839
0.0
0.0019804151355851504
0.09042971001712294
0.0860033609775251
0.21975521114238603
0.30429647492583584
0.09327378949052968
0.0
0.0
0.0
0.008992899179997385
0.11750855120054489
0.2620158286697679
0.16067046151879516
0.18758907287272944
0.04300168048876256
0.10767444541573708
0.08962856086968442
0.0
0.0009012927908683348
0.07743106509993296
0.14428696145367742
0.12251573337203567
0.19952619516956338
0.4455190408905608
0.3949064435011324
0.03701309061165962
0.0
0.002042930325968226
0.08081592024786069
0.10663295152406699
0.09888183352259931
0.16215258744155644
0.29097737034967047
0.2837670280227237
0.10142548206571661
0.05357684923495102
0.006669566652425679
0.15488386638460244
0.3453537992233457
0.21177405422486464
0.24725452404264303
0.05667899456753733
0.1419218792711135
0.11813623693047487
0.0
0.0011879621590774009
0.16605071067993007
0.14490498424835227
0.09736009872616566
0.21768746586116103
0.2053062602476655
0.017185852567986402
0.0
0.0
0.0063093990226555305
0.10652060693060694
0.14054912299840183
0.13033264843033618
0.21372759199756972
0.38352698326836626
0.37402328599574697
0.1336853416348435
0.07061775056737883
0.008790919977172768
0.1084477455442214
0.08146780495361906
0.08136220831725667
0.09041711988533552
0.18323656324791643
0.30673182947378486
0.02721753302241778
0.0
0.01552270554527804
0.13466145969208626
0.1328641581067116
0.16322766216266224
0.16061340531120818
0.09424940586335905
0.0
0.0
0.0
0.013697616627931116
0.14933942263931257
0.1471608752631009
0.303389953979683
0.3311664330263824
0.011709692147137933
0.0
0.0
0.0
0.011982010569164397
0.0776107502775421
0.1778239295832807
0.21632975445782265
0.5042247902242
0.3030631718732513
0.12752671703499285
0.16576022348750838
0.18814479777808366
0.004683876858855174
0.19296483384795207
0.1705530277151741
0.1617299108415167
0.07210991815260753
0.12504861939455209
0.1829979796017835
0.012417720044406739
0.0
0.009694535824142104
0.15978679978414453
0.1574558471979426
0.32461428453595087
0.35433393001002594
0.012528870150835552
0.0
0.0
0.0
0.012820239224110798
0.1845240341052129
0.28070496519337146
0.3289265468204246
0.40042851740216984
0.004195714655163533
0.0
0.0
0.0
0.0028262800107698802
0.2064641253228389
0.18248445059228618
0.17304409261816822
0.07715453060328496
0.1337966784479927
0.1958000172409649
0.01328642974135119
0.0
0.010372739008598739
0.21841025732712394
0.3327143447730027
0.09160643663773714
0.04227765253223811
0.0
0.0
0.0
0.0
0.009615179418083099
0.1646336052420312
0.2504468897681555
0.2934705146971879
0.3572650618729253
0.0037434453110457124
0.0
0.0
0.0
0.002521626355357181
0.13143652425449384
0.17050873468853353
0.3687813554339894
0.452878894192551
0.021290845206572487
0.0
0.0
0.0
0.005693156410548687
0.194867125358324
0.2968500139363263
0.0817318892911647
0.037720410738384225
0.0
0.0
0.0
0.0
0.008578728837813092
0.12717315598358073
0.1594083794953632
0.24324595677399116
0.2598834914897499
0.0461171665402437
0.051576357618852035
0.031195377592047602
0.0
0.011542289709057612
0.11018736343241776
0.14294282372492653
0.30916098450401086
0.3796625906558842
0.01784878375220534
0.0
0.0
0.0
0.004772751699307654
0.09386411675305051
0.23743894869386706
0.18870893591006843
0.370487574832101
0.04694295506990268
0.0
0.0
0.0
0.00577524749002981
0.1066132480046258
0.13363704758061432
0.20392071986493937
0.21786848738803025
0.038661468103067476
0.04323807932158168
0.026152064105795368
0.0
0.009676263719144285
0.09628318268283663
0.11123344599664962
0.07849977909089575
0.30401774522987113
0.40413656398155773
0.2523456252341705
0.13182819647996347
0.0
0.005535520235726687
0.08340761664789582
0.21098815495213027
0.1676866850601649
0.3292151109854259
0.04171349112132985
0.0
0.0
0.0
0.005131882612419874
0.06942565722839715
0.07306638904400069
0.2416051602737749
0.3933345952485286
0.08755185392735945
0.0
0.0
0.0
0.008017356232233314
0.08555719766668306
0.09884199567468316
0.06975487233938259
0.27015004695568773
0.3591155893008081
0.22423422177060276
0.11714248272652007
0.0
0.004918861070017541
0.08011546553804158
0.1440993906377973
0.180332418440958
0.2543089904388596
0.16290338315349429
0.3410668549809012
0.15527333881653793
0.0025368929140641644
0.0012587636596501576
0.06699931693040558
0.07051280970109353
0.23316136067607815
0.3795880407736313
0.0844920256185115
0.0
0.0
0.0
0.00773715961204684
0.10338639365662589
0.12282273664341017
0.19273750502183348
0.25317705619419933
0.033378181321535395
0.008877175883387073
0.0
0.0
0.0058869692700356385
0.07731552974646805
0.1390632963121752
0.17403002489705352
0.24542120779081902
0.15721011269695173
0.3291469929646592
0.1498467289115738
0.002448231664681488
0.0012147714366740204
0.06991476837842325
0.06445764130905687
0.09118261291588532
0.11383342801202245
0.37416829128693174
0.46086559428279006
0.05036629264363824
0.0
0.0064289442187055856
0.11621727601815583
0.13806578777861891
0.2166574055631311
0.28459787386441737
0.037520617311718414
0.009978887582903835
0.0
0.0
0.006617578081294122
0.10466277460637241
0.08810832531094462
0.14058676990482624
0.14430521854098194
0.19476687743389778
0.2759214937133873
0.12317098504961092
0.0
0.008298232832098977
0.0785916177845121
0.07245722794407436
0.10249893161471117
0.12796085108940475
0.4206048595733003
0.5180618269355971
0.0566170569177386
0.0
0.007226815428460882
0.08903268542388729
0.06506234704053299
0.07999916613831118
0.17611160969996387
0.3297024457391427
0.0632976595521879
0.0
0.0
0.013592295297134273
0.12564420954410202
0.10577113906623124
0.16876978126638517
0.1732336562341302
0.23381121370601562
0.3312346543862377
0.147862705852483
0.0
0.009961754871521539
0.14960286050092597
0.18551561730357582
0.14660172422317644
0.22924646020792605
0.2834938899006927
0.36896322473508886
0.002799379217060483
0.0
0.0021941080349933513
0.106880802900021
0.07810520211924607
0.09603636088798487
0.21141617996953177
0.3957969138067317
0.07598675298201113
0.0
0.0
0.016317102283226415
0.1125300005993142
0.04748856815968369
0.0705897516085792
0.09167336445058429
0.2411249071559935
0.24478175388098242
0.0
0.0
0.01800681766649716
0.13493708820346484
0.16732926851393923
0.13223015740504737
0.2067731172908792
0.25570259752109714
0.3327932569819101
0.00252495225734737
0.0
0.0019790166341371275
0.0879411299721165
0.16387167623360765
0.13914534196571046
0.22660877826751802
0.5059913334453593
0.4485088617848476
0.04203704298718864
0.0
0.002320226398643529
0.10149853128183753
0.04283319910437025
0.06366974205689448
0.08268649959871792
0.2174871038963802
0.22078546495327542
0.0
0.0
0.016241584790504703
0.17258389888733774
0.02336149520987161
0.02274731763376009
0.03184624468726412
0.039193628282968636
0.008552991430293793
0.0
0.0
0.018357085330444393
0.0918771573905838
0.17120616705684574
0.14537314323802408
0.23675122657139056
0.5286382537496497
0.4685830088644958
0.04391851703512645
0.0
0.0024240739921985383
0.09589351527961863
0.12652715622024524
0.11732993430866845
0.19240493177293494
0.34526418586921925
0.33670863060263606
0.12034814408326858
0.06357252871697146
0.007913888621589345
0.18030832724323825
0.024407097941057828
0.023765431296064097
0.033271603814489736
0.04094783812311844
0.0089358021673201
0.0
0.0
0.019178703055923726
0.13940801998271196
0.00475308625921282
0.0
0.0
0.0
0.0
0.0
0.0
0.024098147334208984
0.13774468452676578
0.18174788114510557
0.1685366809191184
0.2763769432289209
0.4959491392329253
0.48365965065061145
0.17287213939121238
0.09131772766024746
0.011367776938640151
0.14023671971151272
0.10534822712505554
0.10521167725191877
0.11692082887340094
0.2369481673606645
0.39664324399417383
0.035195729801015
0.0
0.02007283135111234
0.20025038895514446
0.006827493656840931
0.0
0.0
0.0
0.0
0.0
0.0
0.0346153928401835
0.10674786332470797
0.0
0.0
0.0
0.0
0.0
0.0
0.0
0.04004325029737207
0.080028478018072
0.18336349524842463
0.22306885241247865
0.5199323856079373
0.3125041866186398
0.13149942545916884
0.17092398094596645
0.19400587881644193
0.0048297888488099605
0.19897606850388008
0.17586609046567894
0.1667681161225718
0.07435628413749286
0.12894413019613568
0.1886987271162961
0.012804556482891522
0.0
0.009996539710327594
0.3961830864410448
0.12358081816053858
0.16699275746437692
0.12540602906270512
0.004043544152492059
0.05922107373337328
0.003116898617545963
0.07303651625438781
0.1109728228517265
0.12456362403093592
0.08825596716168432
0.13029197824696637
0.1545532431619187
0.0
0.0
0.0
0.0
0.022379893677334523
0.31338705981403264
0.276988873216947
0.26265957496973463
0.11711105481055013
0.20308684429382415
0.29720025994218163
0.020167160496076614
0.0
0.01574453758027034
0.3315198137688384
0.5050193107559185
0.13904726447294927
0.06417225850834904
0.0
0.0
0.0
0.0
0.01459465562216071
0.19618755254516632
0.1390030382437912
0.20520970329341118
0.24342116528597735
0.0
0.0
0.0
0.0
0.03524830463897601
0.23492972928762923
0.06395112736255873
0.03821146199256622
0.0
0.0
0.0
0.0
0.0
0.0485603996155529
0.32654573599000275
0.4974420703401603
0.136961018403491
0.0632094267504661
0.0
0.0
0.0
0.0
0.014375679412580165
0.21310855662527928
0.26712626108467136
0.4076158553439775
0.43549596087140574
0.07728016750884002
0.0864283271350274
0.05227519786392786
0.0
0.01934182320965331
0.23140487587765393
0.06299161342603307
0.03763814246202807
0.0
0.0
0.0
0.0
0.0
0.047831806045493995
0.23728583563734587
0.11605093925791987
0.026486100251056785
0.0
0.0
0.0
0.0
0.0
0.046219987444689546
0.14741515285508716
0.18478121776520734
0.2819631204548345
0.3012488313761869
0.05345757996012358
0.059785703856192335
0.036160707977535685
0.0
0.013379461951688203
0.13313167320396058
0.1538035445977851
0.10854239177923627
0.42036823023885234
0.5588034739461848
0.3489206980599048
0.18228010213009446
0.0
0.007654016521911722
0.16413948029469738
0.08027677171012923
0.01832142537528475
0.0
0.0
0.0
0.0
0.0
0.031972092636804464
0.18005019180481305
0.02570423658736495
0.0
0.0
0.0
0.0
0.0
0.0
0.031098208860680692
0.11033584318298795
0.12746811761112956
0.08995692782823053
0.3483895455868451
0.4631208411012513
0.2891758099175684
0.15106869973152873
0.0
0.006343436887387718
0.10331810394930309
0.18583273180729135
0.2325593869895843
0.3279606819101397
0.2100826421130137
0.4398449230735136
0.20024282268927052
0.0032716150875897283
0.00162332046330788
0.1492206118194551
0.021302959310794182
0.0
0.0
0.0
0.0
0.0
0.0
0.025773334125134346
0.11106009385123293
0.0008740956340888588
0.0
0.0
0.0
0.0
0.0
0.0
0.029419561627333574
0.09426814028227662
0.16955504758047385
0.21218876536344206
0.29923355527842793
0.19168083056671767
0.4013174973776784
0.18270291244459605
0.0029850438426343336
0.001481128624207875
0.08524464897171788
0.07859096345989172
0.11117579319246497
0.1387931453853872
0.4562104028502441
0.5619174134302494
0.06140987141908037
0.0
0.007838588411192447
0.10133198449003722
0.0007975307976503945
0.0
0.0
0.0
0.0
0.0
0.0
0.02684260798949041
0.10987695732200582
0.0
0.0
0.0
0.0
0.0
0.0
0.0
0.02775407175823374
0.09624849399546448
0.08873591440533465
0.12552697198713478
0.15670932288863249
0.5151005341574963
0.6344527831938397
0.06933699313493097
0.0
0.008850436229467998
0.10903531610606217
0.07967965407750693
0.09797227081922716
0.21567792706869252
0.40377542495718244
0.07751850104472988
0.0
0.0
0.016646023954842423
0.12406047528632183
0.0
0.0
0.0
0.0
0.0
0.0
0.0
0.03133671897526752
0.09310967649547876
0.0
0.0
0.0
0.0
0.0
0.0
0.0
0.032957583749850305
0.16432453112469103
0.12008331120650492
0.1476516787453571
0.32504307324640974
0.608520337770387
0.11682628888123972
0.0
0.0
0.02508682671960242
0.17300992399206494
0.07301158379136223
0.10852863676687353
0.14094376371832273
0.3707189339507245
0.3763411748693371
0.0
0.0
0.027684689764754453
0.14032337851351034
0.0
0.0
0.0
0.0
0.0
0.0
0.0
0.049669590460294746
0.27362864939758
0.03757207896645246
0.0
0.0
0.0
0.0
0.0
0.0
0.0369904678369408
0.22361140661230264
0.0943658177164872
0.140270803923764
0.18216662102996864
0.4791458221918927
0.48641244118758614
0.0
0.0
0.035781834227069494
0.3802195746229358
0.051467708335014524
0.05011461376340265
0.07016045926876371
0.08634747951434277
0.018843094775039395
0.0
0.0
0.04044249330706594
0.3536588293283325
0.04856106073673716
0.0
0.0
0.0
0.0
0.0
0.0
0.0478093415302861
0.35220550552919383
0.01784080249977134
0.0
0.0
0.0
0.0
0.0
0.0
0.0509164475836171
0.5658186110415273
0.07659097318303001
0.0745773838198929
0.10440833734785006
0.12849683232167547
0.028041096316279733
0.0
0.0
0.06018394874265357
0.4374709334874917
0.01491547676397858
0.0
0.0
0.0
0.0
0.0
0.0
0.07562146719337137
0.5241298534862073
0.02654954863988187
0.0
0.0
0.0
0.0
0.0
0.0
0.07577062196101121
0.3890702113883813
0.001640702444037644
0.0
0.0
0.0
0.0
0.0
0.0
0.08210969958570208
0.5929113422815689
0.020215183848672658
0.0
0.0
0.0
0.0
0.0
0.0
0.10249098211277032
0.316064399473997
0.0
0.0
0.0
0.0
0.0
0.0
0.0
0.11856205327246513
0.5273130706926262
0.0022236702233539925
0.0
0.0
0.0
0.0
0.0
0.0
0.11128458708694297
0.4737428334936435
0.024460372456893916
0.0
0.0
0.0
0.0
0.0
0.0
0.09005864404583667
0.660328524654578
0.20597532334005236
0.2783311174513272
0.2090174492244203
0.0067394788822921015
0.09870528446356973
0.005195014971766829
0.12173183731140107
0.1849612537695721
0.20761339112394275
0.14709848699336164
0.21716098620718996
0.25759785950094255
0.0
0.0
0.0
0.0
0.03730114353601948
0.27000037272182725
0.030000041413536366
0.0
0.0
0.0
0.0
0.0
0.0
0.03790956871289306
0.2897039880651952
0.008939169906373551
0.0
0.0
0.0
0.0
0.0
0.0
0.05143532841415985
0.3190110708206038
0.22602610360440895
0.3336815528871962
0.3958153592868809
0.0
0.0
0.0
0.0
0.05731555983859813
0.3820078467536175
0.10398782876613913
0.0621338063996848
0.0
0.0
0.0
0.0
0.0
0.07896171229959943
0.4451484509421862
0.013735598405485876
0.0
0.0
0.0
0.0
0.0
0.0
0.07903362642737682
0.4458675922199604
0.005825044349970451
0.0
0.0
0.0
0.0
0.0
0.0
0.07471877876073206
0.4553949007210436
0.12396480166465158
0.07407025493655531
0.0
0.0
0.0
0.0
0.0
0.09413094898187237
0.46696837805488045
0.22838328605437888
0.05212351273313152
0.0
0.0
0.0
0.0
0.0
0.09095895889778376
0.5315226627391701
0.006944086400302061
0.0
0.0
0.0
0.0
0.0
0.0
0.08907291073967703
0.42761855511983526
0.009687429175730036
0.0
0.0
0.0
0.0
0.0
0.0
0.09078749997431951
0.502573554852647
0.24579694329492413
0.056097800872114814
0.0
0.0
0.0
0.0
0.0
0.09789435316663454
0.5512900661363255
0.07870300023670054
0.0
0.0
0.0
0.0
0.0
0.0
0.09521863569082646
0.4602234058389943
0.010426071543666076
0.0
0.0
0.0
0.0
0.0
0.0
0.09770982092692364
0.34544435273881235
0.0
0.0
0.0
0.0
0.0
0.0
0.0
0.1195768913326658
0.5988968610627141
0.08549941798937159
0.0
0.0
0.0
0.0
0.0
0.0
0.10344126537518346
0.4457396386855045
0.0035081824497397497
0.0
0.0
0.0
0.0
0.0
0.0
0.1180753978798121
0.37527528833787493
0.0
0.0
0.0
0.0
0.0
0.0
0.0
0.129902984424649
0.4874368929452683
0.0
0.0
0.0
0.0
0.0
0.0
0.0
0.12398919115223052
0.4573778164786588
0.003599780431021603
0.0
0.0
0.0
0.0
0.0
0.0
0.12115832422124133
0.4959468925253193
0.0
0.0
0.0
0.0
0.0
0.0
0.0
0.12527235899955183
0.500163778173087
0.0
0.0
0.0
0.0
0.0
0.0
0.0
0.12722652551924915
0.48298768297364125
0.0
0.0
0.0
0.0
0.0
0.0
0.0
0.1217754294379879
0.5262857677078715
0.0
0.0
0.0
0.0
0.0
0.0
0.0
0.13293572481712723
0.3949871823589354
0.0
0.0
0.0
0.0
0.0
0.0
0.0
0.13981171058353029
0.5125337961750649
0.0
0.0
0.0
0.0
0.0
0.0
0.0
0.1292248753558937
0.4849207104782397
0.009713694177934579
0.0
0.0
0.0
0.0
0.0
0.0
0.12311288800797986
0.30945905883920527
0.0
0.0
0.0
0.0
0.0
0.0
0.0
0.10953773262586952
0.6034408892589861
0.08285875325095048
0.0
0.0
0.0
0.0
0.0
0.0
0.08157611001177165
0.37991892744476063
0.007610349885794215
0.0
0.0
0.0
0.0
0.0
0.0
0.0964547715862458
0.5940348388383416
0.02702101757203339
0.0
0.0
0.0
0.0
0.0
0.0
0.08525302063075094
0.5021010004754565
0.06894372530263813
0.0
0.0
0.0
0.0
0.0
0.0
0.0678764849728759
0.5000376691712497
0.025329170493022884
0.0
0.0
0.0
0.0
0.0
0.0
0.07228774500255972
0.4942745713905337
0.02248319628032369
0.0
0.0
0.0
0.0
0.0
0.0
0.0709359072515276
0.461545867944493
0.1178944817610644
0.0
0.0
0.0
0.0
0.0
0.0
0.07655670632160852
0.5406595253490446
0.027386851312501397
0.0
0.0
0.0
0.0
0.0
0.0
0.07816022734129616
0.4013404587003366
0.0016924458676264912
0.0
0.0
0.0
0.0
0.0
0.0
0.08469922273894394
0.49904074287695677
0.12747194557532252
0.0
0.0
0.0
0.0
0.0
0.0
0.08277598879845931
0.49996389516838924
0.07308288973841663
0.0
0.0
0.0
0.0
0.0
0.0
0.07162123194364835
0.45173427899101576
0.0019049557480932235
0.0
0.0
0.0
0.0
0.0
0.0
0.09533437630230177
0.405842163241497
0.02095451322902546
0.0
0.0
0.0
0.0
0.0
0.0
0.07715070779777554
0.5627412457662662
0.08225945275857098
0.0
0.0
0.0
0.0
0.0
0.0
0.08061426370339961
0.529404520174635
0.029007280709601357
0.0
0.0
0.0
0.0
0.0
0.0
0.06849181803371543
0.5630374852978055
0.06255972058864506
0.0
0.0
0.0
0.0
0.0
0.0
0.07905362508081513
0.6041258509262293
0.018641039988192214
0.0
0.0
0.0
0.0
0.0
0.0
0.10725917773310596
0.30538122577514887
0.0
0.0
0.0
0.0
0.0
0.0
0.0
0.10647840118909795
0.4207409601523383
0.0
0.0
0.0
0.0
0.0
0.0
0.0
0.1199467965732368
0.566376372049766
0.01747623377407194
0.0
0.0
0.0
0.0
0.0
0.0
0.10055696815552387
0.5672913581112359
0.007411387097904855
0.0
0.0
0.0
0.0
0.0
0.0
0.09506705178670546
0.3944504910996027
0.0
0.0
0.0
0.0
0.0
0.0
0.0
0.11245178695463043
0.39829343255777566
0.0
0.0
0.0
0.0
0.0
0.0
0.0
0.10494890125057861
0.6254698139821111
0.008171460472992097
0.0
0.0
0.0
0.0
0.0
0.0
0.1048166349560344
0.5032005535714141
0.011399691770964282
0.0
0.0
0.0
0.0
0.0
0.0
0.106834279517267
0.4391403387522789
0.0
0.0
0.0
0.0
0.0
0.0
0.0
0.11571191558669053
0.3347272327084909
0.0
0.0
0.0
0.0
0.0
0.0
0.0
0.12126043813008018
0.6368497976537764
0.014427431262004164
0.0
0.0
0.0
0.0
0.0
0.0
0.1352092894377204
0.4780203773888814
0.0
0.0
0.0
0.0
0.0
0.0
0.0
0.16546859217307433
0.42363023829495394
0.0
0.0
0.0
0.0
0.0
0.0
0.0
0.15346701218521236
0.3078277590503722
0.0
0.0
0.0
0.0
0.0
0.0
0.0
0.14925369155117568
0.4654002130052605
0.0
0.0
0.0
0.0
0.0
0.0
0.0
0.16110007373259017
0.6044981933345567
0.0
0.0
0.0
0.0
0.0
0.0
0.0
0.1537660425981589
0.29970083161209493
0.0
0.0
0.0
0.0
0.0
0.0
0.0
0.14531326095169578
0.4891425849828257
0.0
0.0
0.0
0.0
0.0
0.0
0.0
0.13487158950606504
0.5329136794898784
0.0
0.0
0.0
0.0
0.0
0.0
0.0
0.1355571090949989
0.5146129218351779
0.0
0.0
0.0
0.0
0.0
0.0
0.0
0.12974908421057296
0.43121845132483494
0.0
0.0
0.0
0.0
0.0
0.0
0.0
0.11890013206796593
0.4464508184745559
0.008109317763160812
0.0
0.0
0.0
0.0
0.0
0.0
0.1284340597084388
0.529020863725057
0.0
0.0
0.0
0.0
0.0
0.0
0.0
0.13338175099030397
0.5005195267313519
0.010026162025453594
0.0
0.0
0.0
0.0
0.0
0.0
0.12707315465968153
0.45895038305278574
0.008336359436894
0.0
0.0
0.0
0.0
0.0
0.0
0.13202990891945632
0.43596906784837536
0.0
0.0
0.0
0.0
0.0
0.0
0.0
0.1318046019076484
0.4357972452514653
0.008729676981179475
0.0
0.0
0.0
0.0
0.0
0.0
0.11064129926708371
0.6814052358230764
0.030995257596097912
0.0
0.0
0.0
0.0
0.0
0.0
0.09779199944085323
0.3795938192939839
0.0
0.0
0.0
0.0
0.0
0.0
0.0
0.1147609221121347
0.388421582533379
0.0
0.0
0.0
0.0
0.0
0.0
0.0
0.12162696018721969
0.6333694736452024
0.028810242359562973
0.0
0.0
0.0
0.0
0.0
0.0
0.09089813807748191
0.5914305132483703
0.1510714290816324
0.0
0.0
0.0
0.0
0.0
0.0
0.09810069866737267
0.36103974602490313
0.0
0.0
0.0
0.0
0.0
0.0
0.0
0.11305284976537372
0.23139365540686968
0.0
0.0
0.0
0.0
0.0
0.0
0.0
0.10411802776778768
0.63174777362229
0.16136982594298357
0.0
0.0
0.0
0.0
0.0
0.0
0.1047881307873569
0.6329164144860894
0.0925174017174619
0.0
0.0
0.0
0.0
0.0
0.0
0.0906670536831127
0.24716754269359828
0.0
0.0
0.0
0.0
0.0
0.0
0.0
0.11121565553825422
0.24872573051199767
0.0
0.0
0.0
0.0
0.0
0.0
0.0
0.10576199817385644
0.620744519529395
0.09073815872486923
0.0
0.0
0.0
0.0
0.0
0.0
0.0889233955503719
0.5839716867830008
0.031997140181927584
0.0
0.0
0.0
0.0
0.0
0.0
0.07555145636986482
0.24394237619296438
0.0
0.0
0.0
0.0
0.0
0.0
0.0
0.10372804250021896
0.3877862362347044
0.14183806916466407
0.012989883775349707
0.0
0.0
0.0
0.0
0.0
0.09923889148962016
0.42582940862673446
0.0
0.0
0.0
0.0
0.0
0.0
0.0
0.14847551448122961
0.5866892235825669
0.0
0.0
0.0
0.0
0.0
0.0
0.0
0.16725610201414404
0.42569331741272787
0.0
0.0
0.0
0.0
0.0
0.0
0.0
0.13500248429457357
0.44923709743587414
0.0
0.0
0.0
0.0
0.0
0.0
0.0
0.15228606847341508
0.539523661337303
0.0
0.0
0.0
0.0
0.0
0.0
0.0
0.15380992340142555
0.5447799809327953
0.0
0.0
0.0
0.0
0.0
0.0
0.0
0.1435475851435599
0.4131216901123723
0.0
0.0
0.0
0.0
0.0
0.0
0.0
0.14004337207989842
0.39710243039277704
0.0
0.0
0.0
0.0
0.0
0.0
0.0
0.14104457581237312
0.6042293614074918
0.0
0.0
0.0
0.0
0.0
0.0
0.0
0.15921228521350636
0.46056352427063113
0.0
0.0
0.0
0.0
0.0
0.0
0.0
0.1668467016797163
0.4404364263142593
0.0
0.0
0.0
0.0
0.0
0.0
0.0
0.15643613377124815
0.36450868436849837
0.0
0.0
0.0
0.0
0.0
0.0
0.0
0.13519857523797316
0.5335296494605165
0.0
0.0
0.0
0.0
0.0
0.0
0.0
0.1932798790390418
0.3876853480558488
0.0
0.0
0.0
0.0
0.0
0.0
0.0
0.18797352628672195
0.42225704023005317
0.0
0.0
0.0
0.0
0.0
0.0
0.0
0.15661780547755974
0.5026563243561107
0.0
0.0
0.0
0.0
0.0
0.0
0.0
0.19199349049302494
0.34700551331020485
0.0
0.0
0.0
0.0
0.0
0.0
0.0
0.16824945875554911
0.5663486913627769
0.0
0.0
0.0
0.0
0.0
0.0
0.0
0.1561596772880846
0.44991258175350474
0.0
0.0
0.0
0.0
0.0
0.0
0.0
0.17184760800181845
0.5034530425379908
0.0031663713367169233
0.0
0.0
0.0
0.0
0.0
0.0
0.14392596985076925
0.4397550457927273
0.0
0.0
0.0
0.0
0.0
0.0
0.0
0.12125393257563129
0.4552889597355962
0.008269853465987758
0.0
0.0
0.0
0.0
0.0
0.0
0.1309765981369953
0.3909182084327727
0.002458605084482847
0.0
0.0
0.0
0.0
0.0
0.0
0.11175477656740213
0.6254914844477499
0.0012293025422414235
0.0
0.0
0.0
0.0
0.0
0.0
0.10415545176081882
0.45792726620154334
0.008317775576562155
0.0
0.0
0.0
0.0
0.0
0.0
0.13173558075311953
0.4349971821796694
0.0
0.0
0.0
0.0
0.0
0.0
0.0
0.13151077600780706
0.6291160797570052
0.0012364260992186987
0.0
0.0
0.0
0.0
0.0
0.0
0.10475901131562068
0.3819432622859217
0.0
0.0
0.0
0.0
0.0
0.0
0.0
0.11712327230780761
0.507146062275401
0.0
0.0
0.0
0.0
0.0
0.0
0.0
0.15332322812977242
0.5189401567469221
0.0
0.0
0.0
0.0
0.0
0.0
0.0
0.1624964127187332
0.4452925890469801
0.0
0.0
0.0
0.0
0.0
0.0
0.0
0.13654940488138703
0.4370367229169153
0.024767598390194
0.0
0.0
0.0
0.0
0.0
0.0
0.1226585825038179
0.5129107349495362
0.0
0.0
0.0
0.0
0.0
0.0
0.0
0.1606084119538952
0.3287291528540208
0.0
0.0
0.0
0.0
0.0
0.0
0.0
0.14791516649302275
0.43195891440825823
0.0244798305316824
0.0
0.0
0.0
0.0
0.0
0.0
0.1212334464426176
0.6009863156984461
0.04364922163585699
0.0
0.0
0.0
0.0
0.0
0.0
0.12732102334732173
0.3202521033271055
0.0
0.0
0.0
0.0
0.0
0.0
0.0
0.14410082821101436
0.32227102911640176
0.0
0.0
0.0
0.0
0.0
0.0
0.0
0.13703458794847775
0.5854884788958902
0.042523624437050656
0.0
0.0
0.0
0.0
0.0
0.0
0.12403775317988369
0.6145105371170229
0.00441640016408538
0.0
0.0
0.0
0.0
0.0
0.0
0.12807560475847599
0.28365214769724983
0.0
0.0
0.0
0.0
0.0
0.0
0.0
0.12061324682819624
0.45091140158607435
0.16492695353579323
0.015104421333917765
0.0
0.0
0.0
0.0
0.0
0.11539333651426877
0.5408715580601434
0.003887167255052366
0.0
0.0
0.0
0.0
0.0
0.0
0.11272785039651857
0.5746343822183126
0.1404933307897498
0.0
0.0
0.0
0.0
0.0
0.0
0.07563316859116173
