0.4977286286759364
0.0
0.0
0.0
0.0
0.0
0.0
0.0
0.2017357680923032
0.40794981433464717
0.0
0.0
0.0
0.0
0.0
0.0
0.0
0.1934189658136565
0.3341648505292169
0.0
0.0
0.0
0.0
0.0
0.0
0.0
0.18190339342783798
0.5582920093717232
0.0
0.0
0.0
0.0
0.0
0.0
0.0
0.22647292358776538
0.3669186140867096
0.0
0.0
0.0
0.0
0.0
0.0
0.0
0.17396507212579487
0.5084690255848756
0.0
0.0
0.0
0.0
0.0
0.0
0.0
0.2088731681863182
0.5021395356398359
0.0
0.0
0.0
0.0
0.0
0.0
0.0
0.20369449459492187
0.43788562256139996
0.0
0.0
0.0
0.0
0.0
0.0
0.0
0.21807969901546712
0.47054845406533047
0.0
0.0
0.0
0.0
0.0
0.0
0.0
0.19329583797704444
0.5706575932931108
0.0
0.0
0.0
0.0
0.0
0.0
0.0
0.19968578303413678
0.40522901570394176
0.0
0.0
0.0
0.0
0.0
0.0
0.0
0.2018157647198342
0.36653434841377125
0.0
0.0
0.0
0.0
0.0
0.0
0.0
0.19081085934373074
0.578755747049382
0.0
0.0
0.0
0.0
0.0
0.0
0.0
0.20251950713236547
0.3546341591562312
0.0
0.0
0.0
0.0
0.0
0.0
0.0
0.15661508551569597
0.37173580642518655
0.0
0.0
0.0
0.0
0.0
0.0
0.0
0.19351864014870482
0.5047686204436918
0.0
0.0
0.0
0.0
0.0
0.0
0.0
0.2081000446622351
0.4036132642683985
0.0
0.0
0.0
0.0
0.0
0.0
0.0
0.17824545173274445
0.3013782293090426
0.0
0.0
0.0
0.0
0.0
0.0
0.0
0.16984537872005198
0.57448304213634
0.0
0.0
0.0
0.0
0.0
0.0
0.0
0.2368410829920145
0.4941701489418157
0.0
0.0
0.0
0.0
0.0
0.0
0.0
0.23520204435539166
0.3419671529427096
0.0
0.0
0.0
0.0
0.0
0.0
0.0
0.19271976192352575
0.40008529586295266
0.0
0.0
0.0
0.0
0.0
0.0
0.0
0.20899284194119372
0.5607238428945042
0.0
0.0
0.0
0.0
0.0
0.0
0.0
0.26687851228975584
0.44890453591595686
0.0
0.0
0.0
0.0
0.0
0.0
0.0
0.23456482482610058
0.41635016158489624
0.0
0.0
0.0
0.0
0.0
0.0
0.0
0.21748913147287718
0.5160226000352026
0.0
0.0
0.0
0.0
0.0
0.0
0.0
0.22426298651318927
0.46715407438723694
0.0
0.0
0.0
0.0
0.0
0.0
0.0
0.24410070484553176
0.38586781390349184
0.0
0.0
0.0
0.0
0.0
0.0
0.0
0.1899098645230351
0.5084354279130137
0.0
0.0
0.0
0.0
0.0
0.0
0.0
0.22096560791156286
0.4159492835012701
0.0
0.0
0.0
0.0
0.0
0.0
0.0
0.218105211692643
0.3801943307647711
0.0
0.0
0.0
0.0
0.0
0.0
0.0
0.18711758598767725
0.47983146572381463
0.0
0.0
0.0
0.0
0.0
0.0
0.0
0.24956957010076192
0.31067879189068737
0.0
0.0
0.0
0.0
0.0
0.0
0.0
0.16290607139253802
0.7121576891477072
0.006231379780042439
0.0
0.0
0.0
0.0
0.0
0.0
0.18605119628983852
0.3583933570635837
0.0
0.0
0.0
0.0
0.0
0.0
0.0
0.18640727513441233
0.36800748586707777
0.0
0.0
0.0
0.0
0.0
0.0
0.0
0.1910363001138725
0.6470137721464544
0.0056613705062814774
0.0
0.0
0.0
0.0
0.0
0.0
0.16903234797326122
0.45501243526199414
0.0
0.0
0.0
0.0
0.0
0.0
0.0
0.16935585485933455
0.33434436675668044
0.0
0.0
0.0
0.0
0.0
0.0
0.0
0.17356144437828644
0.38432618065499397
0.0
0.0
0.0
0.0
0.0
0.0
0.0
0.16563552566949238
0.6250756139977364
0.0
0.0
0.0
0.0
0.0
0.0
0.0
0.2326534546234022
0.25376336693402596
0.0
0.0
0.0
0.0
0.0
0.0
0.0
0.14621391895147906
0.5279700173688665
0.0
0.0
0.0
0.0
0.0
0.0
0.0
0.22754263374819844
0.31975961910513445
0.0
0.0
0.0
0.0
0.0
0.0
0.0
0.1913224684152331
0.3810371098258617
0.0
0.0
0.0
0.0
0.0
0.0
0.0
0.2074184139639184
0.6366018848271261
0.0
0.0
0.0
0.0
0.0
0.0
0.0
0.2582395728366721
0.3851708882987652
0.0
0.0
0.0
0.0
0.0
0.0
0.0
0.20814790428266608
0.33410656598642896
0.0
0.0
0.0
0.0
0.0
0.0
0.0
0.1911264635118872
0.5616694130936725
0.0
0.0
0.0
0.0
0.0
0.0
0.0
0.22784297811515658
0.4897980405243904
0.0
0.0
0.0
0.0
0.0
0.0
0.0
0.24393358391424946
0.29477989823938344
0.0
0.0
0.0
0.0
0.0
0.0
0.0
0.16862954877449438
0.4076286802436888
0.0
0.0
0.0
0.0
0.0
0.0
0.0
0.22741389529384737
0.4873415814433358
0.0
0.0
0.0
0.0
0.0
0.0
0.0
0.24271019627729848
0.4408061172494474
0.0
0.0
0.0
0.0
0.0
0.0
0.0
0.22947533948821106
0.40558432095590796
0.0
0.0
0.0
0.0
0.0
0.0
0.0
0.22627335800698015
0.43568294687947806
0.0
0.0
0.0
0.0
0.0
0.0
0.0
0.2260598925748981
0.40998380721768857
0.0
0.0
0.0
0.0
0.0
0.0
0.0
0.21342982700194435
0.5567044045706533
0.0
0.0
0.0
0.0
0.0
0.0
0.0
0.2295115162923234
0.40521886224276144
0.0
0.0
0.0
0.0
0.0
0.0
0.0
0.21025319701865958
0.4181239215498556
0.0
0.0
0.0
0.0
0.0
0.0
0.0
0.20131892519067124
0.5435780414931455
0.0
0.0
0.0
0.0
0.0
0.0
0.0
0.22409993436735942
0.4675856762059437
0.0
0.0
0.0
0.0
0.0
0.0
0.0
0.22254906976966152
0.4082651053439956
0.0
0.0
0.0
0.0
0.0
0.0
0.0
0.19657208775822013
0.37686009724061126
0.0
0.0
0.0
0.0
0.0
0.0
0.0
0.19695980390764473
0.5110154582036265
0.0
0.0
0.0
0.0
0.0
0.0
0.0
0.24321962936059843
0.40910897586699957
0.0
0.0
0.0
0.0
0.0
0.0
0.0
0.21377056273941086
0.41186320511934066
0.0
0.0
0.0
0.0
0.0
0.0
0.0
0.21525360925990247
0.4411004079518866
0.0
0.0
0.0
0.0
0.0
0.0
0.0
0.23686371570134923
0.43231916550878746
0.0
0.0
0.0
0.0
0.0
0.0
0.0
0.22589851786554446
0.35709428740886373
0.0
0.0
0.0
0.0
0.0
0.0
0.0
0.175748599132262
0.46612558394059833
0.0
0.0
0.0
0.0
0.0
0.0
0.0
0.25030182653486494
0.5151560848450129
0.0
0.0
0.0
0.0
0.0
0.0
0.0
0.2415703674696952
0.3117518788775537
0.0
0.0
0.0
0.0
0.0
0.0
0.0
0.15343274289584927
0.3934523712730506
0.0
0.0
0.0
0.0
0.0
0.0
0.0
0.20464214243561044
0.449743619622101
0.0
0.0
0.0
0.0
0.0
0.0
0.0
0.21089672558550493
0.6266310493300545
0.0021500129577762326
0.0
0.0
0.0
0.0
0.0
0.0
0.2077694340105577
0.3455103510664955
0.0
0.0
0.0
0.0
0.0
0.0
0.0
0.1797065760390565
0.3547788850742406
0.0
0.0
0.0
0.0
0.0
0.0
0.0
0.1841692035242671
0.550276296830196
0.0018880347052813962
0.0
0.0
0.0
0.0
0.0
0.0
0.1824528083376476
0.5562836799833643
0.0018880347052813962
0.0
0.0
0.0
0.0
0.0
0.0
0.2073405385436297
0.31968994013200625
0.0
0.0
0.0
0.0
0.0
0.0
0.0
0.1659541875963438
0.36748103423011447
0.0
0.0
0.0
0.0
0.0
0.0
0.0
0.15837566458402244
0.5012651649578289
0.0017013010843986783
0.0
0.0
0.0
0.0
0.0
0.0
0.18683379181396395
0.6270067814683855
0.0017013010843986783
0.0
0.0
0.0
0.0
0.0
0.0
0.17554333916295448
0.4053810391199383
0.0
0.0
0.0
0.0
0.0
0.0
0.0
0.17470967342542798
0.2455148633390537
0.0
0.0
0.0
0.0
0.0
0.0
0.0
0.14689944220634119
0.6916728672526219
0.0018767640699997145
0.0
0.0
0.0
0.0
0.0
0.0
0.19364792904087957
0.4137411699772098
0.0
0.0
0.0
0.0
0.0
0.0
0.0
0.19023563073178923
0.42068200988863513
0.0
0.0
0.0
0.0
0.0
0.0
0.0
0.22733825786911094
0.364909773729157
0.0
0.0
0.0
0.0
0.0
0.0
0.0
0.2087475124826181
0.5019501254353034
0.0
0.0
0.0
0.0
0.0
0.0
0.0
0.252302973102401
0.4562700081999213
0.0
0.0
0.0
0.0
0.0
0.0
0.0
0.2661132411037956
0.3161724370473218
0.0
0.0
0.0
0.0
0.0
0.0
0.0
0.1808672019790355
0.43721079358799947
0.0
0.0
0.0
0.0
0.0
0.0
0.0
0.24391760063330487
0.3953306017811491
0.0
0.0
0.0
0.0
0.0
0.0
0.0
0.23057116588167118
0.5794193569760963
0.0
0.0
0.0
0.0
0.0
0.0
0.0
0.26738891692066064
0.41238564757435975
0.0
0.0
0.0
0.0
0.0
0.0
0.0
0.23006778233095848
0.44298900352593074
0.0
0.0
0.0
0.0
0.0
0.0
0.0
0.22985073725328783
0.5465195055748621
0.0
0.0
0.0
0.0
0.0
0.0
0.0
0.2522063802533715
0.3529152962925837
0.0
0.0
0.0
0.0
0.0
0.0
0.0
0.2027201025444484
0.47947121767449147
0.0
0.0
0.0
0.0
0.0
0.0
0.0
0.2487800193617277
0.4947410016768636
0.0
0.0
0.0
0.0
0.0
0.0
0.0
0.2382086304370084
0.3819795198131911
0.0
0.0
0.0
0.0
0.0
0.0
0.0
0.2194150501263963
0.3998334211082727
0.0
0.0
0.0
0.0
0.0
0.0
0.0
0.22975151929723275
0.12969004234765266
0.0
0.0
0.0
0.0
0.0
0.0
0.0
0.06244335372294388
0.11971388524398703
0.0
0.0
0.0
0.0
0.0
0.0
0.0
0.06256651615632249
0.10481123080517804
0.0
0.0
0.0
0.0
0.0
0.0
0.0
0.06022642992212924
0.6695109878460019
0.31695852229979493
0.07931660709581037
0.17242740673002252
0.15832530810817427
0.06158121668929376
0.06995626215903772
0.4161042811695579
0.39344239342789783
0.054451999885679725
0.0
0.0
0.0
0.0
0.0
0.0
0.0
0.02845845261514951
0.05831741963065084
0.0
0.0
0.0
0.0
0.0
0.0
0.0
0.03131550199186726
0.3045278512125053
0.14416895237221894
0.036077250953063536
0.07842880641970333
0.07201445046609188
0.028010288007036904
0.03181968717599393
0.18926551606354836
0.17895773007695878
0.6517994019237487
0.42326346207433463
0.15677358197538555
0.11335763556447834
0.06789693812905746
0.15946256962406108
0.27455684304497574
0.04697325298780088
0.2167716188864586
0.06485669120596355
0.0
0.0
0.0
0.0
0.0
0.0
0.0
0.034826984038552944
0.07167879273051014
0.0
0.0
0.0
0.0
0.0
0.0
0.0
0.0336120892465104
0.7248872259187183
0.4707250051937152
0.17435297823236212
0.12606869803579943
0.07551038399772125
0.1773434884896976
0.3053435577333596
0.05224047605782942
0.24107873834916035
0.053081557067705024
0.0
0.0
0.0
0.0
0.0
0.0
0.0
0.03040352094957754
0.3735615749101447
0.0
0.0
0.0
0.0
0.0
0.0
0.0
0.17517294190701696
0.5204860535253906
0.0017858223920085145
0.0
0.0
0.0
0.0
0.0
0.0
0.17257538206409548
0.2766401232711371
0.0
0.0
0.0
0.0
0.0
0.0
0.0
0.15845115041821006
0.6316940843004664
0.0017858223920085145
0.0
0.0
0.0
0.0
0.0
0.0
0.16851669480953074
0.4889340791942478
0.0016775654619889978
0.0
0.0
0.0
0.0
0.0
0.0
0.1621138260085731
0.4942717874823949
0.0016775654619889978
0.0
0.0
0.0
0.0
0.0
0.0
0.18422718891660994
0.5934006556908356
0.0016775654619889978
0.0
0.0
0.0
0.0
0.0
0.0
0.15830117723132545
0.24400952174385412
0.0
0.0
0.0
0.0
0.0
0.0
0.0
0.1403054750027162
0.5297289517193648
0.0017979075806581338
0.0
0.0
0.0
0.0
0.0
0.0
0.19744294158500234
0.6626106665443702
0.0017979075806581338
0.0
0.0
0.0
0.0
0.0
0.0
0.18551137309518012
0.26151382991391026
0.0
0.0
0.0
0.0
0.0
0.0
0.0
0.15037045220049847
0.30368293498752835
0.0
0.0
0.0
0.0
0.0
0.0
0.0
0.15396626736181476
0.6961312207696327
0.0018888612305046776
0.0
0.0
0.0
0.0
0.0
0.0
0.19489613605661893
0.41640804399762205
0.0
0.0
0.0
0.0
0.0
0.0
0.0
0.19146184291024684
0.3190458332979718
0.0
0.0
0.0
0.0
0.0
0.0
0.0
0.16175520719412786
0.3334698645127349
0.0
0.0
0.0
0.0
0.0
0.0
0.0
0.1679369348575976
0.43501035548503625
0.0
0.0
0.0
0.0
0.0
0.0
0.0
0.2186559987887747
0.39542211149380546
0.0
0.0
0.0
0.0
0.0
0.0
0.0
0.23062453766984445
0.4826543468000639
0.0
0.0
0.0
0.0
0.0
0.0
0.0
0.2216481335090423
0.4600982542934324
0.0
0.0
0.0
0.0
0.0
0.0
0.0
0.24420422601567376
0.3667156491716
0.0
0.0
0.0
0.0
0.0
0.0
0.0
0.21388188618739398
0.5374796301595394
0.0
0.0
0.0
0.0
0.0
0.0
0.0
0.24803468238498189
0.42669649749361355
0.0
0.0
0.0
0.0
0.0
0.0
0.0
0.22647572978525465
0.43310014678066133
0.0
0.0
0.0
0.0
0.0
0.0
0.0
0.2200720804982069
0.485891007921837
0.0
0.0
0.0
0.0
0.0
0.0
0.0
0.22422770103462045
0.31376440781608694
0.0
0.0
0.0
0.0
0.0
0.0
0.0
0.1802312158057965
0.3915301251284381
0.0
0.0
0.0
0.0
0.0
0.0
0.0
0.19894901873209445
0.580444857755713
0.0
0.0
0.0
0.0
0.0
0.0
0.0
0.23001671224893955
0.3281381914353858
0.0
0.0
0.0
0.0
0.0
0.0
0.0
0.1884877434198341
0.34347552387640023
0.0
0.0
0.0
0.0
0.0
0.0
0.0
0.197367251675158
0.6070354734548833
0.0
0.0
0.0
0.0
0.0
0.0
0.0
0.2405539509169618
0.48534584895578275
0.048433681392676856
0.0
0.0
0.0
0.0
0.0
0.0
0.18868955042563682
0.04899532117161838
0.0
0.0
0.0
0.0
0.0
0.0
0.0
0.02815359818204624
0.3129712877660604
0.14816622683332525
0.037077540346089566
0.08060334857845557
0.07401114614114618
0.028786910206591274
0.03270192999468769
0.1945131522659372
0.18391956930991163
0.06923251904685203
0.006908858449581906
0.0
0.0
0.0
0.0
0.0
0.0
0.026915761043162827
0.44639861657361074
0.22448032579099875
0.19635551451915909
0.12942594828883436
0.2560595662876294
0.30488216599800816
0.21394431665538632
0.3049397398184214
0.4268235176331289
0.18122495327290555
0.08579514666074728
0.02146962286750389
0.04667309319022585
0.04285590092573952
0.016668961853652086
0.018935940665748774
0.11263217524512714
0.10649799728298319
0.38788674233448406
0.2518846825705367
0.09329617949489072
0.06745928862173
0.04040556353325266
0.09489639983284133
0.16338916408949777
0.02795384902857455
0.1290010957854135
0.25848559146458283
0.12998456453477897
0.11369898880376089
0.07494365249401978
0.14827041568823532
0.17654097499202925
0.1238837244963423
0.17657431291573655
0.24715069740409953
0.22169719265357277
0.13250157777468044
0.30047470637393253
0.2627528456991179
0.12973453010697422
0.07592712124338526
0.14091940351077475
0.24323349136849123
0.24099985048010192
0.47251547055034715
0.3068406220664502
0.11365144343232886
0.08217748643391726
0.04922120758977403
0.11560079818835953
0.19903724290221328
0.03405279089441049
0.15714642142626284
0.03460104691954411
0.0
0.0
0.0
0.0
0.0
0.0
0.0
0.019818440019644994
0.27006685682508025
0.1614106349550799
0.3660319670021726
0.32007998978449176
0.15803987568944358
0.09249282201791281
0.1716650532029495
0.2963019229166594
0.2935809485697
0.08376133717319217
0.007959865253791838
0.0
0.0
0.0
0.0
0.0
0.0
0.02402173621233608
0.23612817147090057
0.0
0.0
0.0
0.0
0.0
0.0
0.0
0.13524712168755812
0.5391870394326728
0.0015243015763966587
0.0
0.0
0.0
0.0
0.0
0.0
0.143838639663612
0.571613091148747
0.05432056526795365
0.0
0.0
0.0
0.0
0.0
0.0
0.16393170589793155
0.4771063934121541
0.0
0.0
0.0
0.0
0.0
0.0
0.0
0.17418609832096363
0.5678649820118148
0.0016053751740246626
0.0
0.0
0.0
0.0
0.0
0.0
0.1514890391488727
0.23350911622176898
0.0
0.0
0.0
0.0
0.0
0.0
0.0
0.13426774182751725
0.5024824294697192
0.0
0.0
0.0
0.0
0.0
0.0
0.0
0.18345059943172734
0.5170767492335799
0.0
0.0
0.0
0.0
0.0
0.0
0.0
0.16885627966786673
0.2824061851361038
0.0
0.0
0.0
0.0
0.0
0.0
0.0
0.16238355645325978
0.32794418248930063
0.0
0.0
0.0
0.0
0.0
0.0
0.0
0.16626664149888123
0.6253531962107601
0.0
0.0
0.0
0.0
0.0
0.0
0.0
0.20421497262654512
0.5229809540989225
0.0
0.0
0.0
0.0
0.0
0.0
0.0
0.22892551382595422
0.3486206543940145
0.0
0.0
0.0
0.0
0.0
0.0
0.0
0.1767495459844789
0.3643817604053694
0.0
0.0
0.0
0.0
0.0
0.0
0.0
0.1835043057036308
0.5559542513290986
0.0
0.0
0.0
0.0
0.0
0.0
0.0
0.24335898210389495
0.5154256930141861
0.0
0.0
0.0
0.0
0.0
0.0
0.0
0.21633994322728684
0.3019628676218229
0.0
0.0
0.0
0.0
0.0
0.0
0.0
0.1386696430709659
0.2878511074754525
0.0
0.0
0.0
0.0
0.0
0.0
0.0
0.15278140321733624
0.5605824719369366
0.0015839730776538157
0.0
0.0
0.0
0.0
0.0
0.0
0.14342156230392727
0.6478449887604105
0.015263740566482225
0.0
0.0
0.0
0.0
0.0
0.0
0.16919712420393032
0.3143530828947125
0.0
0.0
0.0
0.0
0.0
0.0
0.0
0.1668477343428164
0.3190707379656687
0.0
0.0
0.0
0.0
0.0
0.0
0.0
0.1621300792718602
0.7074910054743928
0.016669047917378454
0.0
0.0
0.0
0.0
0.0
0.0
0.1847748236124498
0.4225446391886406
0.0
0.0
0.0
0.0
0.0
0.0
0.0
0.17817010651311113
0.37868586584038727
0.0
0.0
0.0
0.0
0.0
0.0
0.0
0.19242243848272017
0.5614031958836297
0.0
0.0
0.0
0.0
0.0
0.0
0.0
0.2224709473049491
0.5014928149399313
0.0
0.0
0.0
0.0
0.0
0.0
0.0
0.21145938196015704
0.35311663783637887
0.0
0.0
0.0
0.0
0.0
0.0
0.0
0.18439706035007516
0.1439898516722645
0.0
0.0
0.0
0.0
0.0
0.0
0.0
0.057059808242466536
0.11512486478450672
0.011488551995127487
0.0
0.0
0.0
0.0
0.0
0.0
0.04475748381435081
0.0905680848949217
0.0
0.0
0.0
0.0
0.0
0.0
0.0
0.047294539046608144
0.40578523026123203
0.4174652581229451
0.29051675857678627
0.3377155596901018
0.26193898548890665
0.3930999540999455
0.32426438006247327
0.13120883757768517
0.2594019302566494
0.043242953891449075
0.004315305170040655
0.0
0.0
0.0
0.0
0.0
0.0
0.016811709724950046
0.27882265529925176
0.14021145714990427
0.12264456902019712
0.08084005018542827
0.15993599786463178
0.1904308210662524
0.13363061676559226
0.1904667819426694
0.26659595731747
0.15242017469347763
0.15680740161635232
0.10912327948740305
0.12685199156098678
0.09838895787692692
0.14765535856822443
0.12179948842439749
0.049284381129505984
0.0974359946518763
0.30374354265623654
0.19668801356281138
0.21718571312050453
0.27216989316210577
0.3147475708398403
0.17949871463548273
0.3064226279493035
0.23121045492313658
0.1640355377761704
0.21888415191916236
0.11007020162930473
0.09627966726256573
0.06346186541746013
0.12555455802675886
0.14949390939419932
0.10490404443562358
0.1495221397613779
0.2092858270784434
0.18773194173759336
0.11220159435128793
0.2544402993805908
0.22249763891802138
0.10985847387546535
0.0642946612492284
0.11932976206388077
0.20596875893495953
0.20407732433399436
0.2384477963739221
0.15440599328327323
0.17049730257506696
0.2136615339911241
0.2470862887305693
0.14091187777190936
0.24055095872872675
0.18150714577471525
0.1287728198851176
0.11818643219314805
0.1595439201097757
0.21690802621666144
0.20704151288774583
0.2000686121946352
0.0767019076242167
0.07697009611241326
0.08878450477665129
0.04514035711855815
0.23810257737934803
0.14230657049537124
0.32270955337143814
0.282196310318095
0.13933476389048616
0.08154565714006995
0.15134730745601566
0.2612325420390561
0.25883361381583564
0.07384760388645192
0.00701776017539131
0.0
0.0
0.0
0.0
0.0
0.0
0.021178597672163058
0.14989720905242715
0.2023513858735917
0.2751069403449956
0.26259312819550956
0.25374931817856233
0.09728191018641934
0.09762205672553269
0.11260640689594731
0.057252033267605626
0.17420873537431847
0.32815189799725186
0.21604675968526102
0.05585564221229818
0.062390036253159996
0.07830531379377957
0.0717172124046367
0.10515898793430756
0.16634956007585727
0.14600516431678293
0.013874915009013066
0.0
0.0
0.0
0.0
0.0
0.0
0.04187251136648586
0.12186564381640813
0.0
0.0
0.0
0.0
0.0
0.0
0.0
0.044491755526350575
0.34443060702220957
0.648793857436759
0.42714916920604507
0.11043299701051217
0.12335224185308812
0.15481856696281418
0.14179313654618966
0.20791135398709892
0.3288921180197689
0.11457423439840643
0.0
0.0
0.0
0.0
0.0
0.0
0.0
0.04328831902046681
0.5053425716110685
0.0
0.0
0.0
0.0
0.0
0.0
0.0
0.18449480468054408
0.5200199625959966
0.0
0.0
0.0
0.0
0.0
0.0
0.0
0.16981741369561612
0.4751071461821173
0.0
0.0
0.0
0.0
0.0
0.0
0.0
0.17950449174566865
0.3581283400322415
0.0
0.0
0.0
0.0
0.0
0.0
0.0
0.15851582263722164
0.5711369799129
0.0
0.0
0.0
0.0
0.0
0.0
0.0
0.1865101568611982
0.47764009920460715
0.0
0.0
0.0
0.0
0.0
0.0
0.0
0.2090783694459586
0.3933317050486808
0.0
0.0
0.0
0.0
0.0
0.0
0.0
0.17409763993958002
0.38656124127325275
0.0
0.0
0.0
0.0
0.0
0.0
0.0
0.18086810371500808
0.48020157610711345
0.0
0.0
0.0
0.0
0.0
0.0
0.0
0.21019960992606343
0.44519531878712115
0.0
0.0
0.0
0.0
0.0
0.0
0.0
0.18686210504606884
0.3886342826543564
0.0
0.0
0.0
0.0
0.0
0.0
0.0
0.18183805885662538
0.5241214637632143
0.0
0.0
0.0
0.0
0.0
0.0
0.0
0.18248632288106972
0.49036638698322554
0.0013855716046276608
0.0
0.0
0.0
0.0
0.0
0.0
0.12545721074628635
0.5666987862927132
0.013351871826412006
0.0
0.0
0.0
0.0
0.0
0.0
0.1480042395852274
0.3123834163160545
0.0
0.0
0.0
0.0
0.0
0.0
0.0
0.12092261276750492
0.5190855075155081
0.011462456001919741
0.0
0.0
0.0
0.0
0.0
0.0
0.13704562780317225
0.588092606926091
0.013855927169185522
0.0
0.0
0.0
0.0
0.0
0.0
0.153591645507481
0.35123468210944814
0.0
0.0
0.0
0.0
0.0
0.0
0.0
0.14810156115742634
0.5386818477755992
0.011895182758451722
0.0
0.0
0.0
0.0
0.0
0.0
0.14221932792522496
0.39424034285154286
0.006274382114348161
0.0
0.0
0.0
0.0
0.0
0.0
0.13803640651565952
0.3873172316302938
0.0
0.0
0.0
0.0
0.0
0.0
0.0
0.16331612334838957
0.27272207005750504
0.0
0.0
0.0
0.0
0.0
0.0
0.0
0.14241511903637147
0.4347408896899763
0.006918953151564608
0.0
0.0
0.0
0.0
0.0
0.0
0.15221696933442136
0.5290116263800438
0.15769447391274335
0.27978516806639386
0.32331691497832116
0.10248699355755077
0.0
0.0
0.0
0.13564031074213112
0.05153261859518827
0.0
0.0
0.0
0.0
0.0
0.0
0.0
0.026910268061335087
0.23088901048171817
0.2375348661567848
0.1653020413605695
0.19215783519505983
0.14904148464739433
0.22367117542478115
0.18450420632336428
0.0746569278908092
0.14759791763600696
0.09996020626022242
0.02979740208410991
0.052867237152886055
0.06109284540645204
0.019365587643329202
0.0
0.0
0.0
0.0256301237304821
0.05068826807909373
0.2316516496575455
0.445898783838175
0.5146180210029001
0.2834838765003802
0.17407239188258358
0.17949257745364197
0.060874948499072816
0.06387103097553724
0.13289943743393584
0.13672478398741947
0.09514765669299949
0.11060581940502744
0.08578809975681219
0.12874486023445575
0.10620039980859755
0.0429724381274529
0.08495718431691619
0.26484253822950077
0.1714978112645776
0.18937033204724685
0.23731258516426645
0.27443725991282847
0.15650997804683042
0.26717850805109533
0.20159889889854676
0.14302719921078175
0.029176106295217014
0.1333384116285979
0.2566588050290155
0.2962135154980281
0.16317297921580798
0.10019585993161308
0.10331571224367551
0.035039547323917265
0.03676408880294675
0.07323030225951567
0.08425169007549502
0.12007511988988023
0.20702336573258495
0.2475657681395872
0.23395756810506374
0.059998365820416726
0.10787790833819895
0.22558570310686596
0.2293607048345522
0.14852168058871526
0.16399976047454906
0.20551903090514512
0.23766998982589455
0.1355418171055073
0.2313837170301568
0.17459002565959314
0.12386537087584325
0.11368242358253157
0.1534638043417358
0.20864180140842742
0.19915129453106095
0.19244412658053298
0.07377884745580754
0.07403681545390477
0.0854009846332406
0.04342008725868098
0.06341939574274512
0.0729642116723426
0.10398825775929885
0.17928775867757424
0.21439856094491289
0.20261349661078695
0.05196018572200506
0.0934251471003702
0.19536323813794895
0.03263974039082836
0.024425496240890274
0.10238614071848447
0.1905433097524481
0.19791576359280574
0.3986555979016232
0.2367467359379676
0.08548244821158711
0.07969853414898605
0.12787806141999655
0.17262698294879023
0.23469511164947895
0.22401951569431622
0.21647481697922266
0.08299168586602905
0.08328186658584034
0.09606509092700088
0.048841996945079284
0.14861834655177195
0.2799480312705765
0.18431057508856064
0.047650728726906635
0.05322525308117616
0.0668026562344518
0.061182313871791016
0.08971166043008001
0.14191364465718476
0.036715497390860115
0.027475532365290073
0.11517120042615478
0.21433664325429733
0.22262970277311472
0.44843612079468986
0.2663095374394458
0.09615672694378341
0.08965056975222496
0.05797505328440308
0.0914680174184115
0.09284255767014918
0.24228562837296375
0.2751676857284221
0.2035694112823521
0.043130018565636
0.04581800839125638
0.004306892788778101
0.23963009790548612
0.45138420456351463
0.2971797370797869
0.07683135396825781
0.08581963736518541
0.10771164815934604
0.09864948846052589
0.14464979910562387
0.22881953239520883
0.07971252974206752
0.0
0.0
0.0
0.0
0.0
0.0
0.0
0.03011690573819851
0.09347814732804703
0.14748172401150517
0.14969801306828182
0.390657884407834
0.4436764437327247
0.32823240930862446
0.06954222551485899
0.07387630189255559
0.006944372377900226
0.10842578574430745
0.04363626898453617
0.026053709134107934
0.0
0.0
0.0
0.0
0.0
0.02430530332265079
0.3989645074208753
0.0
0.0
0.0
0.0
0.0
0.0
0.0
0.1507363585343622
0.3007332091773047
0.0
0.0
0.0
0.0
0.0
0.0
0.0
0.1331114204555283
0.5426755409867512
0.21840133059925568
0.13039989152032308
0.0
0.0
0.0
0.0
0.0
0.12164904813852448
0.5617794948484242
0.027978048558708262
0.0
0.0
0.0
0.0
0.0
0.0
0.13989024279354126
0.3326103793451538
0.0
0.0
0.0
0.0
0.0
0.0
0.0
0.1472209875790025
0.32688511871708154
0.0
0.0
0.0
0.0
0.0
0.0
0.0
0.15294624820707478
0.6213270938750866
0.03094367053743849
0.0
0.0
0.0
0.0
0.0
0.0
0.1547183526871924
0.5448539697715492
0.0
0.0
0.0
0.0
0.0
0.0
0.0
0.17216676602988903
0.3434396409919283
0.0
0.0
0.0
0.0
0.0
0.0
0.0
0.1606919421154893
0.46317089197993977
0.0
0.0
0.0
0.0
0.0
0.0
0.0
0.16126481891447506
0.5724471413864627
0.0
0.0
0.0
0.0
0.0
0.0
0.0
0.18088584927973533
0.4749148663591468
0.0
0.0
0.0
0.0
0.0
0.0
0.0
0.17243591649469628
0.3597740110386432
0.0
0.0
0.0
0.0
0.0
0.0
0.0
0.13926735911173282
0.5978341530202613
0.013201385082466344
0.0
0.0
0.0
0.0
0.0
0.0
0.15783634032663055
0.5599708397617588
0.019584472375087432
0.0
0.0
0.0
0.0
0.0
0.0
0.13999270994043975
0.328728995569986
0.0
0.0
0.0
0.0
0.0
0.0
0.0
0.16450956795073446
0.6153838907711757
0.013588918723653727
0.0
0.0
0.0
0.0
0.0
0.0
0.16246970957511267
0.45037559198395216
0.007167781304784383
0.0
0.0
0.0
0.0
0.0
0.0
0.15769118870525642
0.33837900909669605
0.0
0.0
0.0
0.0
0.0
0.0
0.0
0.1693388333255311
0.44096787902142265
0.0
0.0
0.0
0.0
0.0
0.0
0.0
0.1712801074289101
0.19381334900122926
0.0030845625835739404
0.0
0.0
0.0
0.0
0.0
0.0
0.06786037683862667
0.23584051420242408
0.07030232221728938
0.1247319994732712
0.14413903906159056
0.04569008326918899
0.0
0.0
0.0
0.06047027898214742
0.18976486061028847
0.0
0.0
0.0
0.0
0.0
0.0
0.0
0.07370819340331891
0.17787644231943053
0.13674894120511133
0.3190594422384294
0.42110705437833396
0.6870220537706039
0.1001197605251708
0.0
0.0
0.047360888001958194
0.08242215638146003
0.024569438441775834
0.04359166363390027
0.05037408631161169
0.015967889151830547
0.0
0.0
0.0
0.0211333103964452
0.04179499537490386
0.19100829428455526
0.3676657008503768
0.42432812606847586
0.23374654049543223
0.14353133554057526
0.14800054783482883
0.05019441948571206
0.05266483834183211
0.0621647217612756
0.04779137568930436
0.11150572382396436
0.147169588765043
0.240102254461632
0.03499011434395498
0.0
0.0
0.016551806336004372
0.026568231879909327
0.2519153482645334
0.4127620741511865
0.3839929236540066
0.21584723296518052
0.05987396973105519
0.0
0.0
0.0032789195726684378
0.03456302038132496
0.15795727476795743
0.3040468601089044
0.35090473244747655
0.19330033107406244
0.11869546655402893
0.12239135105477243
0.04150905456865196
0.043552005800218715
0.08675113820589408
0.09980745380399803
0.1422451225688167
0.24524700920762818
0.2932749354333704
0.2771541929879165
0.07107613057460002
0.12779588567646266
0.2672365933728559
0.021971011881304365
0.2083253087680398
0.3413400062269594
0.31754891052116835
0.17849822078716507
0.049513708939609005
0.0
0.0
0.002711553452806794
0.0825723743231439
0.06613590305099311
0.07014751637843332
0.07141043168522003
0.0545653701667559
0.10443195250090827
0.06201285602001292
0.0
0.01543356794029073
0.08595407362628907
0.09889042853086652
0.14093818238144895
0.2429936934778735
0.29058034181818254
0.27460771584780824
0.07042308708366696
0.1266217042651456
0.2647812385803197
0.04423754934652086
0.033104555438598596
0.13876678852833352
0.25824865537815045
0.268240747431046
0.5403090365692784
0.32086944590486033
0.11585674321368361
0.10801764337108045
0.08181370399111139
0.06552825009274575
0.06950300494251635
0.07075431665448116
0.054064026614009275
0.10347243759379653
0.061443085386037086
0.0
0.015291765185922979
0.08978161533347553
0.08615649169734221
0.09022325476122788
0.044347959203458936
0.02936902194552716
0.03584640021922739
0.07086472651141924
0.025762299952216808
0.012347502334241056
0.04098170196589762
0.030668087286459988
0.128553666607668
0.23924176596897134
0.248498448234979
0.5005427342440456
0.29725371762868413
0.10732978185411458
0.10006763333603119
0.06471153937709959
0.10209626167793713
0.10363051840710966
0.27043831946214636
0.30714114988335167
0.2272234215904531
0.048141566702036134
0.051141890972417996
0.0048073377514072915
0.08317376201814242
0.0798154445109537
0.08358289714592182
0.04108398574784246
0.02720748599732637
0.03320813453809009
0.0656491407115939
0.023866215787128397
0.011438736280830825
0.06592189746344679
0.16552925378072625
0.18405966560973236
0.2572437115912625
0.15335748372929076
0.2586415899445086
0.03150340483900948
0.0
0.0
0.08968152821683169
0.14149174723145547
0.14361802160962056
0.3747912970579077
0.4256565052377914
0.31490123540625636
0.06671776493264821
0.07087581260550448
0.006662326384917421
0.1040220676340121
0.04186397997898464
0.024995536578874576
0.0
0.0
0.0
0.0
0.0
0.023318142347210975
0.09135892244849525
0.2294013801331495
0.25508204956721064
0.3565053374056875
0.21253293673303944
0.3584426096169046
0.04365950056499075
0.0
0.0
0.09896625966815273
0.02265663476289293
0.03534340521927823
0.09539884376700902
0.11659071173605487
0.18619075971466026
0.09539884376700904
0.0126631451855168
0.019089218861749198
0.3144579296267516
0.12655449722884482
0.07556131945153374
0.0
0.0
0.0
0.0
0.0
0.0704905692804006
0.3255278771834508
0.016212116744327185
0.0
0.0
0.0
0.0
0.0
0.0
0.08106058372163591
0.29917426009685716
0.06849083681854526
0.1068428486762708
0.28838998860613735
0.3524528464020029
0.5628532689957823
0.28838998860613735
0.03828059284123071
0.05770656532782538
0.1966879714267713
0.0
0.0
0.0
0.0
0.0
0.0
0.0
0.07184753059380247
0.6010562329613843
0.029934130075084296
0.0
0.0
0.0
0.0
0.0
0.0
0.14967065037542143
0.5270780524674535
0.0
0.0
0.0
0.0
0.0
0.0
0.0
0.16654980742216505
0.36316561333384223
0.0
0.0
0.0
0.0
0.0
0.0
0.0
0.13265962491425032
0.3725282707582077
0.0
0.0
0.0
0.0
0.0
0.0
0.0
0.14703328208686783
0.5607392119387187
0.0
0.0
0.0
0.0
0.0
0.0
0.0
0.17718629589156906
0.4652017079781814
0.0
0.0
0.0
0.0
0.0
0.0
0.0
0.16890918468206587
0.3963193079126546
0.0
0.0
0.0
0.0
0.0
0.0
0.0
0.156423372857561
0.4555216965636775
0.0
0.0
0.0
0.0
0.0
0.0
0.0
0.14211379076655542
0.643597369681695
0.02250923443187277
0.0
0.0
0.0
0.0
0.0
0.0
0.1608993424204238
0.37782166831573105
0.0
0.0
0.0
0.0
0.0
0.0
0.0
0.1890775692277313
0.28128206286347673
0.0
0.0
0.0
0.0
0.0
0.0
0.0
0.1488944173900917
0.48653293386818314
0.0
0.0
0.0
0.0
0.0
0.0
0.0
0.20708495677322936
0.35760074793201085
0.0
0.0
0.0
0.0
0.0
0.0
0.0
0.1789581854169905
0.4660172147587062
0.0
0.0
0.0
0.0
0.0
0.0
0.0
0.1810097342797954
0.460493813974231
0.0
0.0
0.0
0.0
0.0
0.0
0.0
0.19600182212337036
0.5506041524866662
0.0
0.0
0.0
0.0
0.0
0.0
0.0
0.19110966714283542
0.1207874175931099
0.0
0.0
0.0
0.0
0.0
0.0
0.0
0.04691607449349712
0.11322030880383614
0.08704220272202433
0.2030848385878058
0.26803926430330144
0.4372970814385159
0.06372732699291067
0.0
0.0
0.030145725284836427
0.14271158143662724
0.0
0.0
0.0
0.0
0.0
0.0
0.0
0.049533885101678304
0.1243460038886062
0.22639971431691946
0.4016294119020473
0.4455595461705878
0.4460503856596218
0.06949469098905982
0.0
0.0
0.019183643363077728
0.06210765664663847
0.04774750482082611
0.11140336533618497
0.14703449205398192
0.23988184870274992
0.034957994600961974
0.0
0.0
0.016536612336912046
0.026543843140525037
0.2516840984845895
0.41238317251032097
0.38364043112146845
0.21564909249669156
0.05981900744939963
0.0
0.0
0.0032759096352634447
0.06821072117260873
0.1241928755560491
0.22031614184008058
0.24441427162277196
0.24468352446950598
0.038121715550086255
0.0
0.0
0.010523298759853122
0.08788861672141726
0.20638230702159704
0.18748973227576265
0.35781459557223405
0.25709159315649693
0.0
0.0
0.0
0.0050260531390343265
0.02995244849546488
0.2840039009075483
0.4653390117482241
0.432905295330058
0.2433414898477709
0.06750061512164783
0.0
0.0
0.003696582823616122
0.11256854269724167
0.09016117421162337
0.09563009126574039
0.0973517873753698
0.07438739956016553
0.1423690768300922
0.084540342794892
0.0
0.021040139222089027
0.09917475972674218
0.2328847178878157
0.2115660690009337
0.4037630567685364
0.2901057944725584
0.0
0.0
0.0
0.0056714695376028175
0.14457183508800037
0.014811650354900218
0.0
0.0
0.0
0.0
0.0
0.0
0.026964799364049108
0.25533987903957656
0.20451311499323704
0.21691829130285212
0.2208236245855087
0.16873337035948624
0.32293660365261784
0.19176335045279935
0.0
0.047725469968935695
0.28020766303061023
0.26889368278526704
0.281586015953901
0.13840960604709387
0.09166046939882233
0.11187631227375057
0.22116821281633134
0.08040392052528275
0.038536450480331955
0.327933132999546
0.033597352505207435
0.0
0.0
0.0
0.0
0.0
0.0
0.06116441097101866
0.33763903483438373
0.24735691835885196
0.09470433210442233
0.0
0.0
0.0
0.0
0.0
0.0416377445577357
0.11832014848002832
0.11354272088204406
0.11890217011633106
0.05844467264539217
0.03870443881412693
0.047240756146565956
0.09339022172506443
0.0339512621176552
0.01627235491496189
0.09377823614926618
0.23547625368745148
0.26183698363165947
0.36594610382529785
0.2181611100074473
0.3679346777493319
0.044815665995304864
0.0
0.0
0.14257104999263925
0.10444863281481495
0.03998973659429531
0.0
0.0
0.0
0.0
0.0
0.01758190359664287
0.0985556637472505
0.21750633566660682
0.26166722732107117
0.2521851248296403
0.4914930209560843
0.16182626579365228
0.0
0.0
0.0014065522877314298
0.09036904545886479
0.22691580848346973
0.25231822700268
0.3526425901148875
0.21023013523350087
0.3545588719167046
0.04318644841168403
0.0
0.0
0.097893956924537
0.022411149365154218
0.034960458238029936
0.09436519409436153
0.11532744746301987
0.18417337658684085
0.09436519409436155
0.012525939582609657
0.01888238653497873
0.09497279564127915
0.20959916439631718
0.2521546419708175
0.24301724947678693
0.47362540582229457
0.15594327394543703
0.0
0.0
0.0013554188354316418
0.12876478936600594
0.06800463467424271
0.050033650459640436
0.020751929756263755
0.09172446429429645
0.1913711179887882
0.09995045446795056
0.0
0.017293274796886464
0.22951643172667371
0.05254386680016237
0.08196624059754212
0.2212431012920288
0.27038997148988664
0.431802100367132
0.22124310129202882
0.029367583529600654
0.044270536365517386
0.15089239746365715
0.0
0.0
0.0
0.0
0.0
0.0
0.0
0.05511900938578037
0.30189437546287234
0.15943967923719754
0.11730596331506529
0.04865375778784585
0.21505180103298988
0.44867750284309654
0.2343379752912351
0.0
0.04054479815653821
0.3336179405069746
0.024162508090585618
0.0
0.0
0.0
0.0
0.0
0.0
0.05533817045689677
0.3310662802489537
0.0
0.0
0.0
0.0
0.0
0.0
0.0
0.12093416046857208
0.339601394953992
0.0
0.0
0.0
0.0
0.0
0.0
0.0
0.13403736473405348
0.7319762456194184
0.05301388147777362
0.0
0.0
0.0
0.0
0.0
0.0
0.12141501200125025
0.4098057187250117
0.0
0.0
0.0
0.0
0.0
0.0
0.0
0.14557780151833066
0.4495444515363683
0.0
0.0
0.0
0.0
0.0
0.0
0.0
0.17743081892497367
0.5166976404030399
0.0
0.0
0.0
0.0
0.0
0.0
0.0
0.16119947943587293
0.542476826650435
0.0
0.0
0.0
0.0
0.0
0.0
0.0
0.19270737373824484
0.3426085678434694
0.0
0.0
0.0
0.0
0.0
0.0
0.0
0.1570620791739452
0.2770242447380307
0.0
0.0
0.0
0.0
0.0
0.0
0.0
0.14664057531183253
0.4791681956998065
0.0
0.0
0.0
0.0
0.0
0.0
0.0
0.20395027383795733
0.47407764941238567
0.0
0.0
0.0
0.0
0.0
0.0
0.0
0.16634591577926794
0.5845917672005865
0.0064042356519165376
0.0
0.0
0.0
0.0
0.0
0.0
0.19064916902243847
0.3805909989418805
0.0
0.0
0.0
0.0
0.0
0.0
0.0
0.1619924676784837
0.455065796884243
0.0
0.0
0.0
0.0
0.0
0.0
0.0
0.15794917742241854
0.4643262358578118
0.005086719999565915
0.0
0.0
0.0
0.0
0.0
0.0
0.15142774152553917
0.5772775055917626
0.0
0.0
0.0
0.0
0.0
0.0
0.0
0.15834046357623133
0.09677665193754605
0.0
0.0
0.0
0.0
0.0
0.0
0.0
0.03359029105656872
0.0843224482344913
0.15352787861115436
0.27235596026791764
0.3021461936244452
0.3024790453937919
0.04712626301000022
0.0
0.0
0.013008956651965923
0.12276682759403237
0.0
0.0
0.0
0.0
0.0
0.0
0.0
0.033673503998905396
0.3183449797326501
0.25931926596850624
0.2710800284854221
0.24270441514861799
0.15402715626517435
0.32444726217067243
0.16495578935872357
0.30625136544638754
0.3637237709535803
0.05958581019726611
0.10848929586903548
0.19245824681807755
0.21350928634171695
0.2137444934872325
0.03330141168590628
0.0
0.0
0.009192679270565066
0.07677553241535902
0.18028627703764918
0.16378257566064328
0.3125706957946719
0.22458362277640623
0.0
0.0
0.0
0.004390533382956449
0.22495603409013912
0.1832459669520529
0.19155661942693472
0.1715052102717363
0.10884210658730875
0.22926816509125705
0.11656474119840181
0.21641017446974176
0.25702260826208895
0.17397488529964927
0.2608643249721758
0.13457768842579904
0.18075669132868025
0.0963173260886071
0.20911875295876053
0.18397118898405906
0.1348520967622338
0.2155673488649778
0.09730260714673722
0.22848848111710202
0.2075722709517835
0.39614109680087267
0.284629377760356
0.0
0.0
0.0
0.005564407454906594
0.1418427078906993
0.014532046255001596
0.0
0.0
0.0
0.0
0.0
0.0
0.026455776515515724
0.22048964540067378
0.3306102625774637
0.17055902493477088
0.22908466763012775
0.1220691885420134
0.265029746144636
0.23315860880247002
0.17090680040070252
0.27320246959403
0.11322575526546544
0.03224375391280696
0.021462714468925437
0.02643093541080632
0.06446266672090452
0.2304757694938544
0.2833624814201764
0.02027034144287402
0.019872883767523553
0.2857297111624552
0.02927353433100461
0.0
0.0
0.0
0.0
0.0
0.0
0.053292844551316075
0.2941865099691899
0.2155232689976698
0.08251633865269505
0.0
0.0
0.0
0.0
0.0
0.03627916647859545
0.2280833666337077
0.06495221805409228
0.04323475839656066
0.05324280432169043
0.1298543958785589
0.4642732504667706
0.570808899339777
0.0408328273745295
0.04003218370051913
0.23869189531434531
0.12354932694572715
0.1416138498405864
0.06600306287623091
0.04103298829303211
0.10363331555471887
0.17078730371233972
0.10443395922872928
0.044085442300196696
0.13502892315017884
0.09892321347300904
0.03787424634710748
0.0
0.0
0.0
0.0
0.0
0.016651806307855014
0.09334198735879003
0.20600007003469198
0.24782481387828365
0.23884432247639217
0.4654926323328244
0.15326552205836766
0.0
0.0
0.0013321445046284015
0.10955740150133579
0.05670801348150902
0.0649994646223858
0.03029480347594589
0.018833767134401543
0.04756674601871413
0.07838981369477128
0.047934234157921966
0.020234815665131415
0.23000163912670366
0.2579766737239001
0.12917208093155397
0.1086157131446157
0.40887649088611727
0.3650075942681821
0.07832090966866981
0.18514511813464732
0.19972980365945825
0.09096997217491717
0.20076517727284263
0.24152706687188893
0.23277478854502062
0.4536634906665962
0.14937072448898192
0.0
0.0
0.0012982919257247042
0.12333773294384687
0.06513843972170497
0.047924879534079166
0.019877297069716155
0.08785854842188731
0.18330538930620002
0.09573783735042345
0.0
0.016564414224763468
0.22415681627943426
0.25142094671965304
0.12588954810820235
0.10585556063365734
0.3984860838232962
0.355731987648569
0.07633061149519381
0.18044019333218692
0.1946542514845177
0.09755096917772864
0.04917840277270991
0.020033987474545004
0.06236278112187976
0.05808737150440702
0.12597908548239026
0.0024846621337145203
0.0
0.016340570789293688
0.3403655793567094
0.1797575019833075
0.13225457448325137
0.05485383565676188
0.2424564244963856
0.5058536713887648
0.2642002872792462
0.0
0.04571152971396824
0.37613176274101706
0.027241600816027025
0.0
0.0
0.0
0.0
0.0
0.0
0.06239006082582153
0.26920384661280217
0.13571382538052462
0.05528624201892105
0.17209773213934532
0.16029921568614539
0.34765471517596386
0.006856729457095237
0.0
0.04509380633945515
0.1462768950846984
0.0
0.0
0.0
0.0
0.0
0.0
0.0
0.07116173274390732
0.7747346425110152
0.056110687690484114
0.0
0.0
0.0
0.0
0.0
0.0
0.1285074706743514
0.4337445223058055
0.0
0.0
0.0
0.0
0.0
0.0
0.0
0.154081729689742
0.30129276292758816
0.0
0.0
0.0
0.0
0.0
0.0
0.0
0.14657485764044825
0.20497577748156443
0.0
0.0
0.0
0.0
0.0
0.0
0.0
0.11820142599650728
0.5801415983799407
0.0
0.0
0.0
0.0
0.0
0.0
0.0
0.20608726184749435
0.366396263218543
0.0
0.0
0.0
0.0
0.0
0.0
0.0
0.16796707468495203
0.27415902463774866
0.0
0.0
0.0
0.0
0.0
0.0
0.0
0.15809666908036518
0.5789503425311116
0.004084305767415249
0.0
0.0
0.0
0.0
0.0
0.0
0.15214038983621797
0.3997211728599683
0.0
0.0
0.0
0.0
0.0
0.0
0.0
0.14025547215349768
0.49290175801229213
0.005399766450134661
0.0
0.0
0.0
0.0
0.0
0.0
0.16074689355400876
0.6186193974154275
0.010245710700255511
0.0
0.0
0.0
0.0
0.0
0.0
0.1354095279033769
0.35458466355884277
0.0
0.0
0.0
0.0
0.0
0.0
0.0
0.15770087145393277
0.3916055394953387
0.004290060685482643
0.0
0.0
0.0
0.0
0.0
0.0
0.12771180656013714
0.486866887024261
0.0
0.0
0.0
0.0
0.0
0.0
0.0
0.13354188903015202
0.28171398501336026
0.0
0.0
0.0
0.0
0.0
0.0
0.0
0.12529177232730077
0.6816796427675881
0.05082071888956362
0.0
0.0
0.0
0.0
0.0
0.0
0.11451161983557513
0.13469746889251305
0.0
0.0
0.0
0.0
0.0
0.0
0.0
0.03694593927598528
0.3492821623315346
0.28452025229916506
0.2974239411402011
0.26629074848836176
0.16899571729781404
0.35597747257924195
0.18098640928689
0.33601327474971454
0.3990709239917587
0.18859471638655745
0.014060151520185502
0.0
0.0
0.0
0.0
0.0
0.0
0.03168099076301537
0.1562441945987713
0.08664340125101325
0.26053886832101314
0.14461870135047947
0.0
0.0
0.0
0.0
0.022094523817434358
0.243036399525829
0.19797397396244454
0.20695257755214141
0.18528957879681138
0.11759006069242212
0.2476951089355774
0.12593338572624427
0.2338036845137822
0.2776802567728672
0.18795774873148544
0.28183074333791575
0.14539408548787508
0.19528462807590793
0.10405862745228926
0.22592623042093493
0.19875748418135672
0.14569054881394997
0.23289311858369502
0.10871733686203763
0.060287934952516796
0.18128732389480023
0.10062812325056546
0.0
0.0
0.0
0.0
0.01537374105216972
0.139761282292452
0.08703316215484513
0.16337246861913143
0.22971672580432106
0.26846871771268277
0.10706561261676324
0.0457188800711218
0.0
0.004108134661323589
0.21650228821931192
0.3246314729507461
0.16747461817415454
0.22494187719225944
0.11986167691636986
0.26023692124964387
0.22894214479793393
0.16781610443317554
0.2682618483366373
0.1111781691869788
0.03166065458637527
0.02107458055672437
0.02595295568559575
0.06329691729710618
0.22630782222834342
0.27823812547517923
0.01990377052579524
0.019513500515485532
0.1609863792527556
0.10025060889830693
0.1881833205962136
0.2646030669899837
0.30924019941915687
0.12332532325786855
0.05266205951616657
0.0
0.00473202387500524
0.18840284747701277
0.24601645774898384
0.061321175369913265
0.0418320667300721
0.045661591206236134
0.05190591137119151
0.06146752662377941
0.14608294323405352
0.010537290278362187
0.11702760478395718
0.033326421897669246
0.022183380985813735
0.027318422880678022
0.06662716858586416
0.23821459350275445
0.2928771144735848
0.020950970931046302
0.020540167579457164
0.12247074919251334
0.06339209219209967
0.0726608428123297
0.033865601296629994
0.021053671768943592
0.053173358821319724
0.08762948993585912
0.05358416217290887
0.022619859546877206
0.19831531797965887
0.2589601627580062
0.06454747661844412
0.04403298424846129
0.04806399213592975
0.05463684576135605
0.06470152787529006
0.15376882954171117
0.01109169049290687
0.20021528348075868
0.1760549113654222
0.14198390839299763
0.12485854367362521
0.14319064323829075
0.31611317904784564
0.6388762373495406
0.058334075925658334
0.10855478565743111
0.08050898511574292
0.04167226084921787
0.04776528886321854
0.022262337812927652
0.013840119034572159
0.034954739659266994
0.057605275932920454
0.0352247907623806
0.014869688865192772
0.1690182341612263
0.18957587438574935
0.09492296274443147
0.0798169791640143
0.30046560860177257
0.2682282581675863
0.05755464135108665
0.13605512138742215
0.14677277454224325
0.13161615637999227
0.11573377587812352
0.09333641251363906
0.08207865715259072
0.09412968762903527
0.20780432384591752
0.4199800999234865
0.038347256642131636
0.07136100399776962
0.14029154806751679
0.3467624945918109
0.40322005333649863
0.212935294805076
0.08099845274013631
0.10442538593524137
0.1825714238987403
0.1227044699772434
0.04968940297290296
0.19780218031342614
0.22186080380271644
0.11108842241688723
0.0934098772420803
0.3516351521809079
0.3139077540983592
0.06735624474423639
0.15922542195990894
0.17176830038002333
0.08608167583442293
0.04339638407715171
0.01767854517480691
0.05503064453297436
0.05125790472471948
0.11116743267465172
0.0021925346529648795
0.0
0.014419372042021277
0.16418331563463134
0.40581643644291393
0.4718887644984773
0.24919835298923348
0.09479255675295906
0.1222091161972406
0.21366348955964956
0.14360114348697903
0.05815154971467211
0.08096576164417152
0.04523337257017634
0.04709011362764209
0.0010073807864973772
0.0
0.0
0.0
0.0
0.018883451605715532
0.4069452326899498
0.20515343648917386
0.08357411272544862
0.26015360676324006
0.24231823745535103
0.5255364317528769
0.010365057555893628
0.0
0.06816659473695807
0.2211212278590641
0.0
0.0
0.0
0.0
0.0
0.0
0.0
0.10757248922873386
0.3827600983928646
0.21383767390086852
0.2226152902094631
0.004762323741897073
0.0
0.0
0.0
0.0
0.0892702254363451
0.23774267150725387
0.0
0.0
0.0
0.0
0.0
0.0
0.0
0.10589166908453486
0.4861366262855421
0.0
0.0
0.0
0.0
0.0
0.0
0.0
0.23649889927404744
0.33072892945355087
0.0
0.0
0.0
0.0
0.0
0.0
0.0
0.19071829637638021
0.5226789909303168
0.0
0.0
0.0
0.0
0.0
0.0
0.0
0.2328036039728904
0.4300913142179944
0.0
0.0
0.0
0.0
0.0
0.0
0.0
0.2227441889864075
0.28503754881547416
0.0
0.0
0.0
0.0
0.0
0.0
0.0
0.16436988382965567
0.6019228684483195
0.004246369442316188
0.0
0.0
0.0
0.0
0.0
0.0
0.15817726172627794
0.37067266590218395
0.0
0.0
0.0
0.0
0.0
0.0
0.0
0.1919712852047109
0.5476047259986918
0.003892505322123172
0.0
0.0
0.0
0.0
0.0
0.0
0.17392421507486713
0.45497195926813716
0.007535345789132083
0.0
0.0
0.0
0.0
0.0
0.0
0.09958875921312402
0.2607840617022603
0.0
0.0
0.0
0.0
0.0
0.0
0.0
0.11598322775434379
0.6016057151647612
0.02494810430185622
0.0
0.0
0.0
0.0
0.0
0.0
0.08217600070039986
0.550996703580996
0.13502525022147488
0.0
0.0
0.0
0.0
0.0
0.0
0.10213448414188488
0.22641988165404783
0.0
0.0
0.0
0.0
0.0
0.0
0.0
0.1006998224146663
0.5478812989496814
0.04084575764317458
0.0
0.0
0.0
0.0
0.0
0.0
0.09203557079338684
0.4783904645177871
0.11723262907976079
0.0
0.0
0.0
0.0
0.0
0.0
0.08867596302187036
0.6066744349512204
0.05189709899684734
0.0
0.0
0.0
0.0
0.0
0.0
0.08407860501874242
0.3541495532491821
0.02640262927240958
0.0
0.0
0.0
0.0
0.0
0.0
0.059491638685234556
0.2934006465033566
0.1627019167501084
0.4892487212144987
0.27156990108764145
0.0
0.0
0.0
0.0
0.041489845999500764
0.3921533378079535
0.03354619779849442
0.0
0.0
0.0
0.0
0.0
0.0
0.05434826934645346
0.16258761965369103
0.2463102427794054
0.43221447010223735
0.09452369873715465
0.0
0.0
0.0
0.0
0.04731899791678598
0.1483928928499639
0.08228955316397495
0.24744673854471003
0.13735158294176641
0.0
0.0
0.0
0.0
0.0209842696161032
0.19076608741912002
0.11879524534736113
0.22299399461189562
0.31355007823069897
0.36644431156054597
0.14613838454410163
0.06240363374816365
0.0
0.005607366812016557
0.08223174525869642
0.12457603587521321
0.21860059381072797
0.04780713766533704
0.0
0.0
0.0
0.0
0.023932472785307773
0.12697506394427185
0.3823703894647785
0.41115872629348216
0.2905425319298476
0.20938023291880384
0.0
0.0
0.0
0.0016475253004378549
0.17383214407533512
0.1082500169923678
0.20319924114260768
0.2857168331710962
0.33391574584653005
0.13316595764316583
0.05686418167555281
0.0
0.005109611507668941
0.20343628497543764
0.26564712199148943
0.06621424397051401
0.04517001925593935
0.049305117228640505
0.056047697362471685
0.06637227319240067
0.1577395016465427
0.01137810397584012
0.11570372862468899
0.34842809605645575
0.37466094688964274
0.2647516230674649
0.19079394722450416
0.0
0.0
0.0
0.001501277607923349
0.21333944954700215
0.3028893419494475
0.08098997621691748
0.15289327217535156
0.01985900555042465
0.0
0.0
0.0
0.005952434024397839
0.18206404031032866
0.2377392426941967
0.059258026584692675
0.04042462831851549
0.04412530857857784
0.05015953881154576
0.05939945385577786
0.14116798775486256
0.010182763518133351
0.18380830998704595
0.1616277996385194
0.13034880151684586
0.11462680321454276
0.13145664847367983
0.29020876026680037
0.5865224644021113
0.0535537933175902
0.09965908369136066
0.19092681596500025
0.2710689362466053
0.0724814764311575
0.13683088477491687
0.0177726937330383
0.0
0.0
0.0
0.005327093877541983
0.12954738031402982
0.08396065660090504
0.09647697009194399
0.15731426787042121
0.24643701986593555
0.2726246362285424
0.03865678742995068
0.0
0.011172754415729649
0.13933578180336337
0.12252185891583262
0.09881083269717869
0.08689278108614466
0.099650635434388
0.21999258086214538
0.44461301085061433
0.04059642167956419
0.07554651006214676
0.148520007482631
0.367101005020531
0.42686994450915
0.2254244964389885
0.08574921991207243
0.11055020287476393
0.1932797065615519
0.12990140211726747
0.052603814007322613
0.09820331582345283
0.06364632659445758
0.07313431071058815
0.11925198868371982
0.18681143867070582
0.206662945926866
0.029303755085600916
0.0
0.008469499945472463
0.07661859866283947
0.11648242646526363
0.11801908679292318
0.2546210426645201
0.09169931164591702
0.0
0.0
0.0
0.0076118290649182865
0.19403795682885208
0.47960897774888905
0.5576957156690661
0.2945118940511065
0.11202937377546451
0.1444312847569908
0.25251546908297556
0.16971317927643823
0.06872566709626328
0.09568835238708667
0.053458484256264586
0.055652849985561026
0.0011905601297246698
0.0
0.0
0.0
0.0
0.022317166353270277
0.10010042816194872
0.15218159775833573
0.15418920895747926
0.3326565068348342
0.11980303109307855
0.0
0.0
0.0
0.00994467873064136
0.07360462919650751
0.0
0.0
0.0
0.0
0.0
0.0
0.0
0.027709703411434954
0.5198214888077819
0.2904101511026642
0.3023309171304591
0.006467649653378112
0.0
0.0
0.0
0.0
0.12123672683587203
0.322875216029425
0.0
0.0
0.0
0.0
0.0
0.0
0.0
0.14381009229276032
0.39985292857061144
0.0
0.0
0.0
0.0
0.0
0.0
0.0
0.15053137526587876
0.45565225891348127
0.0
0.0
0.0
0.0
0.0
0.0
0.0
0.15560404166068512
0.43791098408973483
0.0
0.0
0.0
0.0
0.0
0.0
0.0
0.19504754750893916
0.36033916404870175
0.0
0.0
0.0
0.0
0.0
0.0
0.0
0.18661956706102203
0.6179945663135964
0.0
0.0
0.0
0.0
0.0
0.0
0.0
0.2110435103998839
0.3876871006041879
0.0
0.0
0.0
0.0
0.0
0.0
0.0
0.1695916065642099
0.36313258963855133
0.0
0.0
0.0
0.0
0.0
0.0
0.0
0.18806628150731644
0.5364655679863085
0.0038133255236506573
0.0
0.0
0.0
0.0
0.0
0.0
0.17038631771584525
0.3906925331958447
0.0
0.0
0.0
0.0
0.0
0.0
0.0
0.1709063166508885
0.54253222222848
0.0
0.0
0.0
0.0
0.0
0.0
0.0
0.19933292509992073
0.5879921678739245
0.024383561463966072
0.0
0.0
0.0
0.0
0.0
0.0
0.08031646572008415
0.5385283717613079
0.13196980612742454
0.0
0.0
0.0
0.0
0.0
0.0
0.09982331489125705
0.21248532132884718
0.0
0.0
0.0
0.0
0.0
0.0
0.0
0.1000223643725955
0.5123533649652953
0.002388593776061983
0.0
0.0
0.0
0.0
0.0
0.0
0.11027341266152821
0.4637833196229996
0.11365305522456061
0.0
0.0
0.0
0.0
0.0
0.0
0.08596833664421895
0.5881502752269492
0.050312476181611665
0.0
0.0
0.0
0.0
0.0
0.0
0.08151135408639297
0.44124127322476475
0.002057068872842726
0.0
0.0
0.0
0.0
0.0
0.0
0.09496801296290586
0.4435554757067128
0.004885538573001475
0.0
0.0
0.0
0.0
0.0
0.0
0.09496801296290583
0.4679438695112949
0.04002959070287528
0.0
0.0
0.0
0.0
0.0
0.0
0.06485202854929195
0.1940105375633393
0.2939140305441098
0.5157475204188173
0.11279206647794841
0.0
0.0
0.0
0.0
0.05646422674954126
0.352901417184633
0.003887030102323495
0.0
0.0
0.0
0.0
0.0
0.0
0.07555840970832335
0.3317614289088386
0.23629051411492816
0.2427007041082336
0.10685923105861254
0.014934378814190265
0.0
0.0
0.0
0.05080416537247374
0.08425215394355604
0.12763683075456114
0.22397154315469744
0.048981744331332754
0.0
0.0
0.0
0.0
0.02452048627953053
0.13009480220528707
0.39176511230906946
0.42126076971778015
0.2976810725626099
0.21452464083202807
0.0
0.0
0.0
0.0016880044902575376
0.144072663949174
0.10261290453933976
0.1053966312425715
0.04640531642515019
0.006485490936252643
0.0
0.0
0.0
0.022062514828804655
0.1927878812557293
0.32489644320377964
0.37026526564368406
0.34062153766565256
0.004264432396440095
0.0
0.0
0.0
0.0020729879704917127
0.10382065392084038
0.3126436218344632
0.33618229046755155
0.23756094086325683
0.17119891122298372
0.0
0.0
0.0
0.001347092482014091
0.1914289316546339
0.27178181654670247
0.07267209442444435
0.13719073435248766
0.017819433884888148
0.0
0.0
0.0
0.0053411035251786755
0.15385214136687247
0.25927985298555417
0.29548591758986276
0.2718290829495802
0.0034031810071934922
0.0
0.0
0.0
0.0016543241007190587
0.09216948561149041
0.33852197740999723
0.33875830942438545
0.16020947255392143
0.2052070880934798
0.0021506213309347762
0.0
0.0
0.0025760189568339626
0.18781682589100873
0.266653518240321
0.07130083205121628
0.13460205855522295
0.017483195891582794
0.0
0.0
0.0
0.0052403213149837015
0.1274371944564178
0.08259302886713248
0.09490546523109865
0.15475178962920894
0.2424228289741354
0.26818387756239603
0.03802711042731535
0.0
0.010990762403992368
0.09043032357715237
0.3321343474151618
0.3323662200397184
0.15718645218705538
0.20133499990267026
0.0021100408834668887
0.0
0.0
0.00252741160766913
0.13886851484706805
0.22797716446424668
0.02193515028307337
0.027453718747525235
0.04491372737665234
0.4807183252311597
0.2862931295402822
0.0
0.005866377401287065
0.13622984326034168
0.08829161238961736
0.10145355685308927
0.16542903455595348
0.2591490195209011
0.28668747582771326
0.040650826591513894
0.0
0.01174908036852292
0.1062870392831778
0.16158703570126773
0.16371872538838367
0.35321602373723965
0.12720734272417641
0.0
0.0
0.0
0.010559300078039584
0.14844987832718087
0.24370666283400277
0.0234485865582757
0.029347913831922225
0.04801259213887952
0.5138859371312597
0.30604619263745253
0.0
0.006271133614422571
0.07983921490930868
0.25121715091767877
0.2576122199790268
0.02429134759736806
0.0
0.0
0.0
0.0
0.014649169826576044
0.17399835335602123
0.2645278137891563
0.26801751957008396
0.5782361323048746
0.20824616357814854
0.0
0.0
0.0
0.01728621700785099
0.1279423526426154
0.0
0.0
0.0
0.0
0.0
0.0
0.0
0.04816605537164113
0.13070165488800006
0.4112577684849055
0.4217268858276885
0.03976641471289664
0.0
0.0
0.0
0.0
0.023981582750328485
0.25085303648482354
0.0008927154323303329
0.0
0.0
0.0
0.0
0.0
0.0
0.04528501920366597
0.3700973942361284
0.0
0.0
0.0
0.0
0.0
0.0
0.0
0.13932940277776226
0.42174435061541676
0.0
0.0
0.0
0.0
0.0
0.0
0.0
0.14402458063042484
0.725639737129003
0.002582347818964423
0.0
0.0
0.0
0.0
0.0
0.0
0.1309954620892862
0.2887534379387492
0.0
0.0
0.0
0.0
0.0
0.0
0.0
0.13381256880088374
0.5935874199340698
0.0
0.0
0.0
0.0
0.0
0.0
0.0
0.20270853444450423
0.372375742981184
0.0
0.0
0.0
0.0
0.0
0.0
0.0
0.16289373672557556
0.40640830866624345
0.0
0.0
0.0
0.0
0.0
0.0
0.0
0.18833555767460058
0.4533269914553543
0.0
0.0
0.0
0.0
0.0
0.0
0.0
0.18767473115644404
0.3725688847494957
0.0
0.0
0.0
0.0
0.0
0.0
0.0
0.16297822553815555
0.5173649553087496
0.0
0.0
0.0
0.0
0.0
0.0
0.0
0.19008616568851822
0.4535621205646034
0.0
0.0
0.0
0.0
0.0
0.0
0.0
0.1877720732366579
0.510753262589149
0.0
0.0
0.0
0.0
0.0
0.0
0.0
0.1702510875297162
0.2941165446767343
0.0
0.0
0.0
0.0
0.0
0.0
0.0
0.13844830323190538
0.7091859353610439
0.0033062281368813236
0.0
0.0
0.0
0.0
0.0
0.0
0.15263753231935442
0.4342179619770805
0.0015153545627372732
0.0
0.0
0.0
0.0
0.0
0.0
0.1428566074144138
0.37994071672994556
0.0
0.0
0.0
0.0
0.0
0.0
0.0
0.12150388403038867
0.5866840653946461
0.002735123847993688
0.0
0.0
0.0
0.0
0.0
0.0
0.12627155098237525
0.5897610797236389
0.0064959191389850094
0.0
0.0
0.0
0.0
0.0
0.0
0.12627155098237522
0.3143113155319414
0.0
0.0
0.0
0.0
0.0
0.0
0.0
0.10051580141376806
0.38656417051644143
0.0
0.0
0.0
0.0
0.0
0.0
0.0
0.1331093606023595
0.3600479545570675
0.003965745586425672
0.0
0.0
0.0
0.0
0.0
0.0
0.07708852824139725
0.33847986452562967
0.24107558696429734
0.2476155884577011
0.10902321638471976
0.015236811989951263
0.0
0.0
0.0
0.051832990559423246
0.23599664963431377
0.0
0.0
0.0
0.0
0.0
0.0
0.0
0.08126299727974008
0.3126677309718766
0.04167511589945574
0.13483534993847282
0.4631573398041349
0.44548542087515036
0.13789662723325755
0.0
0.0
0.060321077604053634
0.14234200703316888
0.10138027839053033
0.1041305658851075
0.04584787770215326
0.00640758469481274
0.0
0.0
0.0
0.021797491313404072
0.19047203818826916
0.32099366067027657
0.36581749515636397
0.3365298591768774
0.004213206374671391
0.0
0.0
0.0
0.0020480864321319263
0.13148714894286967
0.01752576818352891
0.05670273579245246
0.19477301969574615
0.18734139178486747
0.05799010440693539
0.0
0.0
0.025367013380834
0.13842138443451632
0.5336435490807745
0.33173148525016827
0.20261426489305126
0.12920499548992267
0.002662512361771504
0.0
0.0
0.0
0.13471866529098275
0.2270350962991354
0.2587384749820518
0.23802366945881467
0.002979952043302844
0.0
0.0
0.0
0.0014485877988277714
0.08070703450611869
0.29642245186298577
0.29662939297710383
0.14028538126076376
0.17968696938887913
0.0018831641384761027
0.0
0.0
0.002255658143888958
0.09790384108934552
0.37743989804028183
0.2346298351872753
0.14330672152689022
0.09138519599462055
0.0018831641384761027
0.0
0.0
0.0
0.14165119261394418
0.17085058381602972
0.10127698124947304
0.11416941265904022
0.2875653721787244
0.3587738095468153
0.15715108206140138
0.08008621116376392
0.14591417956478023
0.0741212331136203
0.2722339854152558
0.27242403985913666
0.12883790750698257
0.16502427362193975
0.001729495439317807
0.0
0.0
0.0020715934383037466
0.1138236064403774
0.18686152922387556
0.017979150391149952
0.0225024461555196
0.03681354577976474
0.3940208730542502
0.23466022185996666
0.0
0.004808377430191266
0.13009226683659766
0.15690894886821774
0.09301264483539941
0.10485303668919056
0.2640996552171455
0.32949738935662437
0.14432734468329042
0.07355106978197706
0.13400738838054788
0.12423858996506051
0.12828674961972739
0.09331673194560915
0.06095046015266161
0.16688680717197435
0.4268242700681243
0.06229984670421727
0.0
0.0030218656577091357
0.14091170443534434
0.23133142060582834
0.022257884854873233
0.027857648697854027
0.04557454858762098
0.48779119324654524
0.29050539566925987
0.0
0.005952690135605633
0.07578503923630726
0.23846053171685005
0.24453086394999735
0.0230578511181562
0.0
0.0
0.0
0.0
0.01390529592941869
0.15380527832590524
0.15881683168117786
0.11552453978586423
0.07545564136319076
0.20660305170258128
0.5284012453179102
0.07712615914828166
0.0
0.0037410187018233026
0.08618460065898588
0.16020500843216898
0.0777849548945147
0.11874793325850444
0.02766942134178744
0.08841980051227656
0.14121757388895256
0.0
0.015505228455984631
0.15335197507280104
0.4825278694078977
0.49481126263012154
0.04665785022395065
0.0
0.0
0.0
0.0
0.02813754028811718
0.2943253368208806
0.0010474211274764432
0.0
0.0
0.0
0.0
0.0
0.0
0.053132817193805026
0.17439561772482778
0.3241768389539592
0.15739882942896008
0.24028792865334586
0.05598942026874078
0.1789185725934761
0.28575552759607326
0.0
0.031375023773044367
0.2601889300753984
0.02056754213953743
0.0
0.0
0.0
0.0
0.0
0.0
0.04965728345263319
0.6505677380967325
0.0023151876800595462
0.0
0.0
0.0
0.0
0.0
0.0
0.11744315686120242
0.25888007695211296
0.0
0.0
0.0
0.0
0.0
0.0
0.0
0.11996881614854012
0.5751136668875193
0.04546186717207836
0.0
0.0
0.0
0.0
0.0
0.0
0.1097609431955503
0.3450682001325115
0.0
0.0
0.0
0.0
0.0
0.0
0.0
0.13270234838886763
0.4015156529612786
0.0
0.0
0.0
0.0
0.0
0.0
0.0
0.1860682294210803
0.4478694925714424
0.0
0.0
0.0
0.0
0.0
0.0
0.0
0.1854153584406554
0.5351909862032653
0.0
0.0
0.0
0.0
0.0
0.0
0.0
0.20581757657893185
0.4460740973752742
0.0
0.0
0.0
0.0
0.0
0.0
0.0
0.20353252814744477
0.47110394527142635
0.0
0.0
0.0
0.0
0.0
0.0
0.0
0.19503428638059045
0.5305069937641064
0.0
0.0
0.0
0.0
0.0
0.0
0.0
0.17683566458803535
0.4692154090476708
0.0
0.0
0.0
0.0
0.0
0.0
0.0
0.21409133372939812
0.36809287852111455
0.0
0.0
0.0
0.0
0.0
0.0
0.0
0.16069726413048657
0.49367200612896295
0.0017228401229119898
0.0
0.0
0.0
0.0
0.0
0.0
0.16241683704179394
0.4319630053628427
0.0
0.0
0.0
0.0
0.0
0.0
0.0
0.1381404534916705
0.5721395426361363
0.0
0.0
0.0
0.0
0.0
0.0
0.0
0.17651280168380115
0.365242106057342
0.0
0.0
0.0
0.0
0.0
0.0
0.0
0.17980186010026936
0.45848139419802136
0.0
0.0
0.0
0.0
0.0
0.0
0.0
0.1466209534744941
0.5638755943146079
0.0
0.0
0.0
0.0
0.0
0.0
0.0
0.1941647093630489
0.3876644710912928
0.0
0.0
0.0
0.0
0.0
0.0
0.0
0.1908399711890239
0.4362056484320549
0.0
0.0
0.0
0.0
0.0
0.0
0.0
0.1888451282846092
0.21807567685063645
0.0
0.0
0.0
0.0
0.0
0.0
0.0
0.07509209627403987
0.2889245553557664
0.038510415811772156
0.12459630357798736
0.42798637405503703
0.4116564147625661
0.1274251154239272
0.0
0.0
0.05574045160067856
0.1687000519033224
0.0
0.0
0.0
0.0
0.0
0.0
0.0
0.0730347785679018
0.35578738080525396
0.14594097477916992
0.042303595332464236
0.13250411851095562
0.2988896879948727
0.22726931534994083
0.35610883669683796
0.052461601506520995
0.05259018386315464
0.09580471094962816
0.012769697787901036
0.04131498215851788
0.1419163241637015
0.13650146066098554
0.04225299000938206
0.0
0.0
0.01848301833407379
0.1008571623281466
0.3888255725434509
0.24170756847950242
0.14762964470987425
0.09414187885036893
0.0019399707824691056
0.0
0.0
0.0
0.11797580560641795
0.04839267776049308
0.014027481042468919
0.043937140468888206
0.09910905678789969
0.07536040347283834
0.11808239740765249
0.01739578196148121
0.017438418681975043
0.13317579646246708
0.1906287773278983
0.24153702159752719
0.305001780052588
0.3898701721955496
0.3010578834069089
0.37742024981135214
0.17564197007431825
0.16673089549110853
0.07566107359313189
0.29168935135597823
0.18132429769582104
0.11074887648117487
0.0706233990672734
0.0014553281963591211
0.0
0.0
0.0
0.10946946707778223
0.13203505043011982
0.07826787025254438
0.08823127098146452
0.2222334133693005
0.2772640103327262
0.1214479376170458
0.061891429889118665
0.11276394629151827
0.09990588178742231
0.14300598606421167
0.18119635675548182
0.22880637917923025
0.2924729896155561
0.2258477449338847
0.2831333009707898
0.13176317593189887
0.12507826179917236
0.2265993979583779
0.10814207982176237
0.14695616259718644
0.19677316624178706
0.19306287897194846
0.19773272329433159
0.19723695215051695
0.2083198361074056
0.10396800664319392
0.11488728248190044
0.13856967190220165
0.08214146975404249
0.09259797479220525
0.23323209311446147
0.29098624052428174
0.12745858629182646
0.06495453370415702
0.11834481063256101
0.10971777437314587
0.11329279134445988
0.08241001562982195
0.05382666397654562
0.1473813334512152
0.3769377048909453
0.05501833630031698
0.0
0.0026686746405583895
0.23781415711994858
0.1134942007512945
0.15422925328359144
0.20651177847440513
0.202617863275603
0.20751882550857814
0.20699851787425547
0.2186299111189533
0.10911354615264206
0.16263809601893578
0.13929138894335893
0.10938209202842153
0.16772368354150932
0.20704887022596402
0.16228562955697523
0.2480356845168042
0.08000988686504303
0.17809626799349096
0.14977434248643517
0.15465455281986185
0.11249686731044768
0.0734780964286366
0.20118838937943814
0.5145528810708827
0.07510483320644552
0.0
0.0036429739108678584
0.08392587066357837
0.15600634817043552
0.07574636320332792
0.11563578193805081
0.02694425986906038
0.08610249029585794
0.1375165371888609
0.0
0.01509886671233911
0.22201520249251286
0.1901449087188198
0.1493161067743763
0.2289574735302044
0.2826397871978986
0.22153405499485104
0.3385903676402842
0.10922048196922692
0.24311695703282288
0.19617070833239375
0.040393478017987636
0.022911785602942502
0.028433525933251644
0.03732329874719334
0.0878666977872845
0.14626883928918494
0.003001443913985468
0.01271604100963309
0.19004344545620028
0.35326394215431833
0.17152160269675082
0.26184801234437427
0.06101312908995128
0.1949722271428886
0.3113952387737139
0.0
0.03419018033186896
0.2835346517658026
0.022412986196308635
0.0
0.0
0.0
0.0
0.0
0.0
0.054112834728587744
0.44421293475183926
0.09146781172243548
0.05188191249145517
0.06438545340189587
0.08451563544858048
0.1989671344047306
0.3312141293454498
0.0067965305363806286
0.028794461432757625
0.380138772824892
0.03299689634456549
0.0
0.0
0.0
0.0
0.0
0.0
0.04446279900517708
0.45382442458127387
0.035874135666808825
0.0
0.0
0.0
0.0
0.0
0.0
0.08661278588074445
0.27229465474876424
0.0
0.0
0.0
0.0
0.0
0.0
0.0
0.10471593767556929
0.6084485926636765
0.05281469973169077
0.0
0.0
0.0
0.0
0.0
0.0
0.0711669774686462
0.560201201871047
0.006892484398947066
0.0
0.0
0.0
0.0
0.0
0.0
0.09059880095483432
0.3073979149464918
0.0
0.0
0.0
0.0
0.0
0.0
0.0
0.11821554460125835
0.2562118028511016
0.0
0.0
0.0
0.0
0.0
0.0
0.0
0.11690308018855597
0.6324203520064146
0.007781039018163714
0.0
0.0
0.0
0.0
0.0
0.0
0.10227847673273024
0.6247330604463008
0.003281161031755783
0.0
0.0
0.0
0.0
0.0
0.0
0.10696584963523847
0.26765505118149674
0.0
0.0
0.0
0.0
0.0
0.0
0.0
0.12212435010000959
0.20997161717275117
0.0
0.0
0.0
0.0
0.0
0.0
0.0
0.09166671346720852
0.6526356608391853
0.0034277083027268148
0.0
0.0
0.0
0.0
0.0
0.0
0.11174329066889412
0.644017422820901
0.01792201769711449
0.0
0.0
0.0
0.0
0.0
0.0
0.0862803147057807
0.47381675126580286
0.0
0.0
0.0
0.0
0.0
0.0
0.0
0.1461788882224363
0.3024748601017937
0.0
0.0
0.0
0.0
0.0
0.0
0.0
0.1489027184377611
0.528033943170841
0.0
0.0
0.0
0.0
0.0
0.0
0.0
0.14903242463849087
0.563832854572254
0.002853536416054657
0.0
0.0
0.0
0.0
0.0
0.0
0.14669771302535528
0.169686961243299
0.0
0.0
0.0
0.0
0.0
0.0
0.0
0.08353371848512309
0.19093421368028146
0.0
0.0
0.0
0.0
0.0
0.0
0.0
0.08266054372743896
0.3163075559711064
0.0016008203890877258
0.0
0.0
0.0
0.0
0.0
0.0
0.08229672091173715
0.3333344637459486
0.15033158744796551
0.19173462387482532
0.0665795752734213
0.4480841798182825
0.3308604685991768
0.47507983274335275
0.3144884418925977
0.06599745876829849
0.11230139264055194
0.0
0.0
0.0
0.0
0.0
0.0
0.0
0.048618285838287756
0.23684295231433483
0.09715097610291652
0.028160943733796944
0.08820623865555548
0.19896691097024619
0.151290176442207
0.23705694124848217
0.03492299405285457
0.035008589626513535
0.19605666146584158
0.08842022758970287
0.11277216829567623
0.03915997494897294
0.2635487712959295
0.1946015367136394
0.27942675020966606
0.18497203467700665
0.03881759265433712
0.2359014010040863
0.23692854788799372
0.20367466752148886
0.2240036162654912
0.2107791001351823
0.2048302077658848
0.3812426850769957
0.2591405992524931
0.07639404949061938
0.09410401530139677
0.038600671256626425
0.01118909325412343
0.03504668874885773
0.07905485492161067
0.060111618014173744
0.0941890388063673
0.01387583601119258
0.013909845413180801
0.10622836711019616
0.1520560362893187
0.19266326226324998
0.2432862571227112
0.3109819717802573
0.24014038743880103
0.30105122639969784
0.14010173149046037
0.13299376647492303
0.09372991187952637
0.09413802470338495
0.08092537203096262
0.08900260500316418
0.08374815239598464
0.08138449895780356
0.15147787645551902
0.1029634645193273
0.03035339127448378
0.06490694369451236
0.08757421011965906
0.19012956181512775
0.17870240274708685
0.24039545795371267
0.4316473300344516
0.25927067605717313
0.23442680790478054
0.17224061636932556
0.08712154088506653
0.12470639004230269
0.15800977400797245
0.19952743483954655
0.2550470209230185
0.1969473988120553
0.24690247476055985
0.11490225313783624
0.10907276632977514
0.197602867424445
0.09430380333997435
0.12815108679252063
0.17159331503919617
0.16835781039931538
0.17243008348054467
0.1719977531191813
0.18166242861675627
0.09066386062010845
0.05323241901045284
0.07182262454907837
0.15593179904529034
0.14655999250218732
0.19715659092239243
0.3540088352531661
0.2126368070873394
0.19226149554050376
0.14126045904031356
0.02713918978106923
0.1361840638294661
0.2025258550877119
0.19690556038998797
0.22577407161651059
0.16194258568231032
0.05577061661587658
0.0
0.0006694147530787887
0.24791282120611
0.11831367753516234
0.1607785245298147
0.21528120206930457
0.21122193362976635
0.21633101287263345
0.2157886106242469
0.22791392540269517
0.11374700054068182
0.16954444473761066
0.14520633094710328
0.11402695008823618
0.17484598929442138
0.21584110116441324
0.16917701095644555
0.2585684008598978
0.08340746832447782
0.1856590405687086
0.03404886372129932
0.17085670824177174
0.2540892080990281
0.24703797887000264
0.28325645158484813
0.20317338413757843
0.06996989004186842
0.0
0.0008398486426630867
0.07206951164852617
0.12428010226741468
0.19881666930376374
0.14144450890184154
0.10002947271051807
0.0
0.0
0.0
0.007593631477412075
0.25964232426751316
0.2223706552214749
0.17462219063481768
0.2677611709396552
0.3305415595628526
0.2590796319238993
0.3959746406630866
0.12773116200033388
0.28432040276600434
0.22941770695340022
0.047239361990054254
0.026794873505419314
0.033252438020225365
0.04364884894032806
0.10275833989328308
0.1710584724585969
0.0035101284292099306
0.014871154795507721
0.11036808396882221
0.19032398650899335
0.3044701476420798
0.21660975741780972
0.15318629183048224
0.0
0.0
0.0
0.01162897510135198
0.16709283117979484
0.1027583398932831
0.03713769467851117
0.0
0.0
0.0
0.0
0.0
0.022052180894960093
0.5087702741319095
0.10476080276740904
0.059421896067730594
0.07374257302005366
0.09679826869433314
0.2278829714197468
0.37934938449639205
0.007784268384872708
0.03297915231759048
0.43538423248826197
0.037792325899076655
0.0
0.0
0.0
0.0
0.0
0.0
0.05092456493004511
0.37055494387836796
0.2278829714197469
0.08235874794987459
0.0
0.0
0.0
0.0
0.0
0.04890422046374227
0.3449441066731761
0.00814079976127909
0.0
0.0
0.0
0.0
0.0
0.0
0.06167992811830436
0.5737755424928576
0.04980500136828954
0.0
0.0
0.0
0.0
0.0
0.0
0.06711145624626436
0.5282775774064171
0.0064997092980629435
0.0
0.0
0.0
0.0
0.0
0.0
0.08543593788176712
0.4545881021115107
0.01072843582933281
0.0
0.0
0.0
0.0
0.0
0.0
0.08128552110107634
0.3950726916714164
0.0030540802725837926
0.0
0.0
0.0
0.0
0.0
0.0
0.08895987665782536
0.5813295428371332
0.007152438786759866
0.0
0.0
0.0
0.0
0.0
0.0
0.09401579176331341
0.5742632780116594
0.003016088645019221
0.0
0.0
0.0
0.0
0.0
0.0
0.09832448982762655
0.4347476346891992
0.003360784490164274
0.0
0.0
0.0
0.0
0.0
0.0
0.0978936200211953
0.32582374762336197
0.005428959561034598
0.0
0.0
0.0
0.0
0.0
0.0
0.09444666156974471
0.5919045773968037
0.003108742528344558
0.0
0.0
0.0
0.0
0.0
0.0
0.10134500642403256
0.5840883104683947
0.016254282362487264
0.0
0.0
0.0
0.0
0.0
0.0
0.07825149049918732
0.33583301427630774
0.005595736551020205
0.0
0.0
0.0
0.0
0.0
0.0
0.09734805174473242
0.4012054285866392
0.005595736551020205
0.0
0.0
0.0
0.0
0.0
0.0
0.09237406369938118
0.4965600627217542
0.0
0.0
0.0
0.0
0.0
0.0
0.0
0.14014922919854964
0.5302251517198393
0.0026834491230357652
0.0
0.0
0.0
0.0
0.0
0.0
0.13795367991606589
0.24821904388080832
0.0
0.0
0.0
0.0
0.0
0.0
0.0
0.11526633733039988
0.5829183344994507
0.06354895423189244
0.0
0.0
0.0
0.0
0.0
0.0
0.12197496013798934
0.29188337598668884
0.0014772105524976209
0.0
0.0
0.0
0.0
0.0
0.0
0.07594205158521856
0.3075955245905272
0.13872350006636747
0.1769295366286923
0.06143852979706012
0.413484662830925
0.30531256282757646
0.43839580442077114
0.290204727631578
0.06090136232342462
0.32089041956300574
0.034983031720511835
0.0
0.0
0.0
0.0
0.0
0.0
0.06714593420443732
0.24723132974073803
0.053381017692527656
0.1038747602142645
0.0
0.08467102303179545
0.04559208932481292
0.11119366704254817
0.0741291113616988
0.07224902520397451
0.20547795006574557
0.0926691649936325
0.11819131159642866
0.041041764747905954
0.2762133194727923
0.20395290088385623
0.2928542973104678
0.19386066365076457
0.04068292964628492
0.24723738501689368
0.24831389032175674
0.21346203107681366
0.23476786523556267
0.22090785943545016
0.21467309954478467
0.39956288565502335
0.2715933175394214
0.08006508204919363
0.16515385552108164
0.035659238223590434
0.0693897377759678
0.0
0.05656138289301577
0.03045612925008541
0.0742788660355544
0.04951924402370294
0.04826332116802929
0.16084783430162922
0.0468728351492478
0.1300777243376255
0.014622530391057209
0.06746099910475473
0.01686524977618868
0.0961678072344376
0.15272919012745337
0.04548234913046628
0.11871209283875372
0.11922898148681794
0.10249471150573819
0.1127247993320096
0.10606985798818253
0.10307621123481048
0.19185183653984364
0.13040669850120712
0.03844359319977784
0.08220683206921679
0.11091568906378477
0.24080549891692765
0.22633261677112898
0.3044689507368399
0.5466958934359443
0.32837505070981093
0.29690945425890036
0.21814854651011184
0.07723177883159844
0.022506193217797104
0.062457378307762296
0.0070210708028725895
0.03239168861202569
0.008097922153006422
0.04617538589373875
0.073333576944114
0.021838545380714128
0.15605729766139495
0.17834812060916538
0.055371696423881685
0.04496931238158885
0.12340716472533723
0.038378982118769805
0.015614344576940574
0.05048279129427408
0.08728957044184855
0.07240337200142216
0.09768859465740742
0.21208857803193637
0.1993416390785815
0.2681599344993726
0.48150044403565634
0.2892151461633963
0.2615019351353434
0.19213354859900578
0.03691301071909026
0.18522895666593855
0.2754628682747322
0.26781849863455065
0.30708362308908127
0.22026407012850777
0.07585566796795577
0.0
0.0009104956395253507
0.13744690425001432
0.15707946647727977
0.0487684226920766
0.03960656031935275
0.10869041696833874
0.03380215061737865
0.013752277888664151
0.04446253706348796
0.07687997556242188
0.06447447247388884
0.02225023719090076
0.014416180959151387
0.03234156386230673
0.004154136355334412
0.01633201553398598
0.030330885991688247
0.0
0.01714766787772743
0.05507018287173514
0.27634138527363494
0.4109605322010985
0.39955596709456764
0.45813524692215823
0.3286099504144853
0.11316837682634573
0.0
0.0013583601119441348
0.11656427710620614
0.20100899739873307
0.3215634573337752
0.22877048218659138
0.16178634916634624
0.0
0.0
0.0
0.012281839345494884
0.09618887542704396
0.033194925235634797
0.02150736843911547
0.048250083143015626
0.006197518010745115
0.024365584507997917
0.045250371229139
0.0
0.025582448774947864
0.0877557230653909
0.0
0.0
0.0
0.0
0.0
0.0
0.0
0.03393070362960453
0.21208294760020507
0.3657259472697877
0.5850688355380261
0.4162365983005722
0.2943622751712483
0.0
0.0
0.0
0.022346200354088113
0.3210850355025196
0.19746008838232249
0.07136367209853947
0.0
0.0
0.0
0.0
0.0
0.04237539836731456
0.1596672057558232
0.0
0.0
0.0
0.0
0.0
0.0
0.0
0.061735240148736506
0.19014865877338116
0.0
0.0
0.0
0.0
0.0
0.0
0.0
0.06420670931232232
0.5709854003679361
0.35114320243922953
0.1269059918072417
0.0
0.0
0.0
0.0
0.0
0.0753561553083405
0.5315218488030579
0.01254409875728147
0.0
0.0
0.0
0.0
0.0
0.0
0.09504214970845376
0.3381412898586896
0.0
0.0
0.0
0.0
0.0
0.0
0.0
0.11417876752065689
0.31332778063808164
0.0
0.0
0.0
0.0
0.0
0.0
0.0
0.10786093675969027
0.6218089195168173
0.01467490473278277
0.0
0.0
0.0
0.0
0.0
0.0
0.11118650447174099
0.5404006888824021
0.004177527624660788
0.0
0.0
0.0
0.0
0.0
0.0
0.12168388157986297
0.3665512700407491
0.0
0.0
0.0
0.0
0.0
0.0
0.0
0.1261827574833438
0.3545542676314668
0.0
0.0
0.0
0.0
0.0
0.0
0.0
0.1338951161750252
0.6093105819062654
0.004710230464686689
0.0
0.0
0.0
0.0
0.0
0.0
0.13720055917651486
0.45665080479436837
0.007608833827570806
0.0
0.0
0.0
0.0
0.0
0.0
0.13236955357170796
0.3997657137977676
0.0
0.0
0.0
0.0
0.0
0.0
0.0
0.15096892515021434
0.42283376556072044
0.0
0.0
0.0
0.0
0.0
0.0
0.0
0.14964039860889247
0.4687914426346713
0.0078111242755843175
0.0
0.0
0.0
0.0
0.0
0.0
0.1358887651752446
0.5600452119494345
0.0078111242755843175
0.0
0.0
0.0
0.0
0.0
0.0
0.1289455435969475
0.4340753347431856
0.0
0.0
0.0
0.0
0.0
0.0
0.0
0.15361877741982488
0.45416108288040236
0.004339513486435732
0.0
0.0
0.0
0.0
0.0
0.0
0.1143151838426784
0.2818845357866039
0.0
0.0
0.0
0.0
0.0
0.0
0.0
0.130899698436531
0.6619784749504566
0.07216798188934673
0.0
0.0
0.0
0.0
0.0
0.0
0.13851819940373655
0.36430286443182713
0.0
0.0
0.0
0.0
0.0
0.0
0.0
0.13436265342162437
0.5093314192075392
0.0
0.0
0.0
0.0
0.0
0.0
0.0
0.17494848584691924
0.571206484517003
0.062272144472349585
0.0
0.0
0.0
0.0
0.0
0.0
0.11952426962063262
0.440088360743169
0.09502179434840291
0.1849040451031186
0.0
0.1507201039916177
0.08115697907240953
0.19793219049176758
0.1319547936611784
0.12860811411180062
0.43949073939506605
0.0
0.0
0.0
0.0
0.0
0.0
0.0
0.15095915253085898
0.2891292082123103
0.0
0.0
0.0
0.0
0.0
0.0
0.0
0.12920573545990383
0.4112988239326897
0.08880569392354384
0.17280806100594004
0.0
0.14086035224853938
0.07584788197998273
0.18498393602187246
0.12332262401458165
0.12019487630406683
0.40057511749663904
0.11673201276742556
0.3239452985890279
0.036415919772421756
0.1680047341647924
0.0420011835411981
0.23949611040512958
0.3803564626536689
0.11326914923078422
0.27021506113339955
0.0
0.0
0.0
0.0
0.0
0.0
0.0
0.12075340268094452
0.27546520907604927
0.0
0.0
0.0
0.0
0.0
0.0
0.0
0.12220557126082633
0.22847094898160134
0.06657895752531331
0.18476457112287903
0.02077008627105468
0.09582272929958968
0.02395568232489742
0.13659835878877677
0.21693909126669073
0.0646038879719308
0.4616565801228899
0.5275984184374349
0.1638033490885938
0.13303049120847288
0.3650693077703782
0.11353464335895534
0.04619114278071976
0.14934074300414776
0.2582244161244929
0.15711359737552408
0.0
0.0
0.0
0.0
0.0
0.0
0.0
0.06970084165807917
0.14602772310815132
0.0
0.0
0.0
0.0
0.0
0.0
0.0
0.07059280855315517
0.4827939243695869
0.5517549665614894
0.1713032265462612
0.13912140685670685
0.38178432054067546
0.11873292481736192
0.04830604404746767
0.15617843758243338
0.27004744348191256
0.22647206029978267
0.07815584781748908
0.05063805996700059
0.11360248979438947
0.014591756753648853
0.057367591620509875
0.10653981300951834
0.0
0.06023263975022173
0.15271372821627022
0.0
0.0
0.0
0.0
0.0
0.0
0.0
0.07382496110978506
0.16890458160045593
0.0
0.0
0.0
0.0
0.0
0.0
0.0
0.07495765455641532
0.49774661422800454
0.1717731034096646
0.11129374133959512
0.24967872234738114
0.03207017020180438
0.12608409380709393
0.23415617421317447
0.0
0.13238097654078151
0.4541077524922165
0.0
0.0
0.0
0.0
0.0
0.0
0.0
0.17558052087654538
0.3712232030208864
0.0
0.0
0.0
0.0
0.0
0.0
0.0
0.16474402500926902
0.35789724188680333
0.0
0.0
0.0
0.0
0.0
0.0
0.0
0.16928363814285777
0.4662721402835394
0.0
0.0
0.0
0.0
0.0
0.0
0.0
0.1802838749435548
0.5552863637752695
0.0
0.0
0.0
0.0
0.0
0.0
0.0
0.18750124441585733
0.3674843956313997
0.0
0.0
0.0
0.0
0.0
0.0
0.0
0.17381831479128387
0.45679934285114243
0.0
0.0
0.0
0.0
0.0
0.0
0.0
0.1807349605355738
0.5119454446118901
0.0
0.0
0.0
0.0
0.0
0.0
0.0
0.17286649591958486
0.47437782601188394
0.0
0.0
0.0
0.0
0.0
0.0
0.0
0.16330130889596703
0.4211454808369678
0.0
0.0
0.0
0.0
0.0
0.0
0.0
0.16662833046939937
0.478397977079781
0.001524884887823122
0.0
0.0
0.0
0.0
0.0
0.0
0.14943871900666586
0.4753738617927661
0.0
0.0
0.0
0.0
0.0
0.0
0.0
0.16364418737343028
0.45981516146524126
0.0
0.0
0.0
0.0
0.0
0.0
0.0
0.17364620901255332
0.4794024538418571
0.0015280866393104697
0.0
0.0
0.0
0.0
0.0
0.0
0.14975249065242593
0.4700950170387845
0.0
0.0
0.0
0.0
0.0
0.0
0.0
0.18003638950421533
0.479832653447791
0.0
0.0
0.0
0.0
0.0
0.0
0.0
0.18120568483677904
0.507520882090851
0.0
0.0
0.0
0.0
0.0
0.0
0.0
0.17961107481021546
0.4905600299901284
0.0
0.0
0.0
0.0
0.0
0.0
0.0
0.18787405403877258
0.37647293081689237
0.0
0.0
0.0
0.0
0.0
0.0
0.0
0.1714930601295277
0.5052527667346765
0.0
0.0
0.0
0.0
0.0
0.0
0.0
0.17880839131227194
0.5286320721362809
0.005051084500346666
0.0
0.0
0.0
0.0
0.0
0.0
0.13305999740913213
0.3747904699257226
0.0
0.0
0.0
0.0
0.0
0.0
0.0
0.17072665611171725
0.47509057643260627
0.012411236200851805
0.0
0.0
0.0
0.0
0.0
0.0
0.14171899940972643
0.3728170677836017
0.0
0.0
0.0
0.0
0.0
0.0
0.0
0.13750287290878077
0.5212351172016362
0.0
0.0
0.0
0.0
0.0
0.0
0.0
0.17903724585957753
0.5626277346133517
0.001559310929893391
0.0
0.0
0.0
0.0
0.0
0.0
0.14175553908121738
0.4204469289148907
0.0
0.0
0.0
0.0
0.0
0.0
0.0
0.1579156705364761
0.5828103700263993
0.0
0.0
0.0
0.0
0.0
0.0
0.0
0.20018751627504555
0.38341536173344043
0.0
0.0
0.0
0.0
0.0
0.0
0.0
0.17134022572709756
0.47011573497370157
0.0
0.0
0.0
0.0
0.0
0.0
0.0
0.1765707784088683
0.39831451179666616
0.0
0.0
0.0
0.0
0.0
0.0
0.0
0.1818013310906392
0.4399204152046105
0.0
0.0
0.0
0.0
0.0
0.0
0.0
0.19659114048622728
0.44846785609531603
0.0
0.0
0.0
0.0
0.0
0.0
0.0
0.1989553262645075
0.4570152969860214
0.0
0.0
0.0
0.0
0.0
0.0
0.0
0.20859392982211172
0.491932502326776
0.0
0.0
0.0
0.0
0.0
0.0
0.0
0.18095114226068093
0.37198219314594533
0.0
0.0
0.0
0.0
0.0
0.0
0.0
0.16502373045485158
0.34573527440815355
0.0
0.0
0.0
0.0
0.0
0.0
0.0
0.16713555150271991
0.4080339953202684
0.0
0.0
0.0
0.0
0.0
0.0
0.0
0.15009013875921146
0.6854367743938259
0.010106572157655449
0.0
0.0
0.0
0.0
0.0
0.0
0.16728639586328192
0.3402366133479988
0.0
0.0
0.0
0.0
0.0
0.0
0.0
0.1644773855102891
0.3763088197369882
0.0
0.0
0.0
0.0
0.0
0.0
0.0
0.16700095550458047
0.6745354149447232
0.009945834683383909
0.0
0.0
0.0
0.0
0.0
0.0
0.16462583080407092
0.41772505670212395
0.0
0.0
0.0
0.0
0.0
0.0
0.0
0.17605611842527333
0.40418180649021385
0.0
0.0
0.0
0.0
0.0
0.0
0.0
0.17937062418204744
0.38967271600082154
0.0
0.0
0.0
0.0
0.0
0.0
0.0
0.18431328138173056
0.44866572128736143
0.0
0.0
0.0
0.0
0.0
0.0
0.0
0.1890964980265852
0.5810013817950056
0.0
0.0
0.0
0.0
0.0
0.0
0.0
0.20982377015428846
0.3486202331550948
0.0
0.0
0.0
0.0
0.0
0.0
0.0
0.1648956585627207
0.4333503552885344
0.0
0.0
0.0
0.0
0.0
0.0
0.0
0.17145725051244842
0.5197921970610333
0.0
0.0
0.0
0.0
0.0
0.0
0.0
0.18771858708351255
0.5411886925492757
0.0
0.0
0.0
0.0
0.0
0.0
0.0
0.189145020116062
0.4505090171994346
0.0
0.0
0.0
0.0
0.0
0.0
0.0
0.17824616151208705
0.511753330597514
0.0016312044730723437
0.0
0.0
0.0
0.0
0.0
0.0
0.15985803836108958
0.5626172518942248
0.0
0.0
0.0
0.0
0.0
0.0
0.0
0.19663428466308427
0.3143775893557608
0.0
0.0
0.0
0.0
0.0
0.0
0.0
0.15422296836320337
0.5213399227069879
0.0016617615618014694
0.0
0.0
0.0
0.0
0.0
0.0
0.1628526330565439
0.5112182841032883
0.0
0.0
0.0
0.0
0.0
0.0
0.0
0.19578572582679127
0.32026677372901047
0.0
0.0
0.0
0.0
0.0
0.0
0.0
0.15711200220668434
0.49142821459456143
0.0
0.0
0.0
0.0
0.0
0.0
0.0
0.1823405640994884
0.40365502998009883
0.0
0.0
0.0
0.0
0.0
0.0
0.0
0.15459128807748468
0.3097789931614412
0.0
0.0
0.0
0.0
0.0
0.0
0.0
0.14111226373122246
0.38802890441053806
0.0
0.0
0.0
0.0
0.0
0.0
0.0
0.14397506536228696
0.7122411891285958
0.029820850323588863
0.0
0.0
0.0
0.0
0.0
0.0
0.1334781260483837
0.2734752836490692
0.0
0.0
0.0
0.0
0.0
0.0
0.0
0.12457499443852474
0.3466617765778727
0.009056170348024624
0.0
0.0
0.0
0.0
0.0
0.0
0.10340882885767652
0.6287720133494765
0.026326076593094837
0.0
0.0
0.0
0.0
0.0
0.0
0.11783551883069243
0.5988655903397212
0.04686041633570881
0.0
0.0
0.0
0.0
0.0
0.0
0.08929805180377769
0.5353560411549858
0.00148372800521664
0.0
0.0
0.0
0.0
0.0
0.0
0.13488436411060364
0.4000670239520504
0.0
0.0
0.0
0.0
0.0
0.0
0.0
0.1502611816192124
0.5244304076620271
0.014567511323945192
0.0
0.0
0.0
0.0
0.0
0.0
0.10844702874492539
0.4517277354064116
0.0032372247386544873
0.0
0.0
0.0
0.0
0.0
0.0
0.14661930378822613
0.47291769730938266
0.0
0.0
0.0
0.0
0.0
0.0
0.0
0.1776231674992084
0.4006885277607816
0.0
0.0
0.0
0.0
0.0
0.0
0.0
0.18288489508221914
0.5339856265303852
0.003826710969462301
0.0
0.0
0.0
0.0
0.0
0.0
0.17331811765856334
0.45442192762364814
0.0
0.0
0.0
0.0
0.0
0.0
0.0
0.17060753072186097
0.4478409173657769
0.0
0.0
0.0
0.0
0.0
0.0
0.0
0.2044064990921394
0.4820571752783234
0.0
0.0
0.0
0.0
0.0
0.0
0.0
0.1773186282447067
0.5078975783893611
0.0
0.0
0.0
0.0
0.0
0.0
0.0
0.1906843539917953
0.4093476272141623
0.0
0.0
0.0
0.0
0.0
0.0
0.0
0.1787443056577295
0.3757223129990888
0.0
0.0
0.0
0.0
0.0
0.0
0.0
0.138204695539406
0.6311579261618703
0.009306245830291665
0.0
0.0
0.0
0.0
0.0
0.0
0.15403920337005156
0.3190514428683575
0.0
0.0
0.0
0.0
0.0
0.0
0.0
0.13931588907138115
0.5228165567942961
0.0033335805959253725
0.0
0.0
0.0
0.0
0.0
0.0
0.1516779171146045
0.492088662482047
0.0072557087117731435
0.0
0.0
0.0
0.0
0.0
0.0
0.12009822330382708
0.3047397658944719
0.0
0.0
0.0
0.0
0.0
0.0
0.0
0.12843687361437234
0.4076192177778227
0.0025990598370530665
0.0
0.0
0.0
0.0
0.0
0.0
0.11825722258591453
0.6626519642886546
0.07851326591097804
0.0
0.0
0.0
0.0
0.0
0.0
0.09269980085489268
0.31389108311335584
0.0
0.0
0.0
0.0
0.0
0.0
0.0
0.13229382536334047
0.4064744516222705
0.0
0.0
0.0
0.0
0.0
0.0
0.0
0.1467948348888331
0.6825513637422262
0.08087101466140122
0.0
0.0
0.0
0.0
0.0
0.0
0.09548357041401302
0.447858101883484
0.0026771094508601786
0.0
0.0
0.0
0.0
0.0
0.0
0.12281239605821066
0.4807731867865661
0.0
0.0
0.0
0.0
0.0
0.0
0.0
0.17362719917978067
0.5005635210395806
0.0
0.0
0.0
0.0
0.0
0.0
0.0
0.17494655479664828
0.5297212801723552
0.003166453480482323
0.0
0.0
0.0
0.0
0.0
0.0
0.14526105341712653
0.3673086037359495
0.0
0.0
0.0
0.0
0.0
0.0
0.0
0.1446013756086927
0.6502103382167446
0.0
0.0
0.0
0.0
0.0
0.0
0.0
0.22724799907100762
0.3633225927832099
0.0
0.0
0.0
0.0
0.0
0.0
0.0
0.17823372476157462
0.4771179709002153
0.0
0.0
0.0
0.0
0.0
0.0
0.0
0.18783092532565943
0.277976059195456
0.0
0.0
0.0
0.0
0.0
0.0
0.0
0.147042822928299
0.38041184069920003
0.0
0.0
0.0
0.0
0.0
0.0
0.0
0.1866171293996075
0.583716848016272
0.0
0.0
0.0
0.0
0.0
0.0
0.0
0.2165835338320444
0.291050946044388
0.0
0.0
0.0
0.0
0.0
0.0
0.0
0.15395913175467613
0.5340120933588771
0.0
0.0
0.0
0.0
0.0
0.0
0.0
0.19810126043958343
0.38350781953701313
0.0
0.0
0.0
0.0
0.0
0.0
0.0
0.1422975524688518
0.7039425731495557
0.02947339529180859
0.0
0.0
0.0
0.0
0.0
0.0
0.13192291732613518
0.35085129755368955
0.0
0.0
0.0
0.0
0.0
0.0
0.0
0.13015451360862676
0.40590759995878783
0.0012968293928395781
0.0
0.0
0.0
0.0
0.0
0.0
0.11860094265423776
0.6163586246831192
0.02580634000515491
0.0
0.0
0.0
0.0
0.0
0.0
0.11550917786307331
0.5870426224372636
0.04593528520917573
0.0
0.0
0.0
0.0
0.0
0.0
0.08753510529748544
0.3554049145509933
0.001135478960226816
0.0
0.0
0.0
0.0
0.0
0.0
0.10384471218074334
0.3230953768645394
0.001135478960226816
0.0
0.0
0.0
0.0
0.0
0.0
0.10105762746018662